[1 0],[0.877657 0.122343]
[0 1],[0.12232227 0.87767774]
[0 1],[0.12232225 0.87767774]
[0 1],[0.12232227 0.87767774]
[1 0],[0.877657 0.122343]
[1 0],[0.877657   0.12234301]
[0 1],[0.12232224 0.87767774]
[0 1],[0.12232227 0.87767774]
[0 1],[0.12232225 0.87767774]
[1 0],[0.87765694 0.12234303]
[1 0],[0.877657 0.122343]
[0 1],[0.12232548 0.8776746 ]
[1 0],[0.877657   0.12234294]
[1 0],[0.877657 0.122343]
[0 1],[0.12232231 0.8776777 ]
[1 0],[0.877657   0.12234296]
[0 1],[0.12232228 0.8776777 ]
[0 1],[0.12232225 0.87767774]
[0 1],[0.12232943 0.8776706 ]
[0 1],[0.12232227 0.87767774]
[1 0],[0.877657 0.122343]
[0 1],[0.12232193 0.87767804]
[0 1],[0.12232227 0.87767774]
[0 1],[0.12232227 0.87767774]
[0 1],[0.12232225 0.87767774]
[1 0],[0.877657 0.122343]
[0 1],[0.12232228 0.8776777 ]
[0 1],[0.12232224 0.87767774]
[1 0],[0.877657 0.122343]
[0 1],[0.1223224  0.87767756]
[0 1],[0.12232227 0.87767774]
[0 1],[0.12232225 0.87767774]
[0 1],[0.12232227 0.87767774]
[1 0],[0.87765694 0.12234303]
[1 0],[0.87765694 0.12234303]
[1 0],[0.877657   0.12234301]
[1 0],[0.877657   0.12234294]
[1 0],[0.87765694 0.12234303]
[0 1],[0.12232271 0.8776773 ]
[1 0],[0.877657 0.122343]
[1 0],[0.877657 0.122343]
[0 1],[0.12232225 0.87767774]
[1 0],[0.877657 0.122343]
[1 0],[0.87765676 0.12234323]
[0 1],[0.12233207 0.87766796]
[0 1],[0.12232228 0.8776777 ]
[1 0],[0.877657   0.12234298]
[0 1],[0.12232228 0.8776777 ]
[1 0],[0.877657 0.122343]
[1 0],[0.87765694 0.12234303]
[1 0],[0.877657   0.12234301]
[1 0],[0.877657 0.122343]
[1 0],[0.87765867 0.12234136]
[0 1],[0.12232228 0.8776777 ]
[0 1],[0.12232228 0.8776777 ]
[1 0],[0.87765694 0.12234303]
[0 1],[0.12232225 0.87767774]
[1 0],[0.877657 0.122343]
[1 0],[0.877657 0.122343]
[1 0],[0.87765694 0.12234303]
[0 1],[0.12232227 0.87767774]
[1 0],[0.87765694 0.12234303]
[1 0],[0.87765694 0.12234303]
[1 0],[0.8776572  0.12234279]
[1 0],[0.877657 0.122343]
[0 1],[0.12232225 0.87767774]
[0 1],[0.12232224 0.87767774]
[0 1],[0.12232228 0.8776777 ]
[0 1],[0.12232225 0.87767774]
[1 0],[0.87765694 0.12234303]
[0 1],[0.12232227 0.87767774]
[1 0],[0.87765694 0.12234303]
[0 1],[0.12232227 0.87767774]
[1 0],[0.877657 0.122343]
[0 1],[0.12232225 0.87767774]
[1 0],[0.877657 0.122343]
[0 1],[0.12232228 0.8776777 ]
[1 0],[0.877657 0.122343]
[0 1],[0.12232227 0.87767774]
[0 1],[0.12232225 0.87767774]
[1 0],[0.877657 0.122343]
[0 1],[0.12232227 0.87767774]
[1 0],[0.877657   0.12234301]
[1 0],[0.87765694 0.12234306]
[0 1],[0.12232288 0.87767714]
[0 1],[0.12232227 0.87767774]
[0 1],[0.12232227 0.87767774]
[1 0],[0.87765694 0.12234303]
[1 0],[0.877657 0.122343]
[1 0],[0.877657   0.12234298]
[1 0],[0.877657 0.122343]
[0 1],[0.12232224 0.87767774]
[0 1],[0.12232227 0.87767774]
[0 1],[0.1223221  0.87767786]
[0 1],[0.12232227 0.87767774]
[1 0],[0.877657   0.12234298]
[1 0],[0.877657   0.12234301]
[1 0],[0.877657   0.12234301]
[1 0],[0.877657   0.12234298]
[0 1],[0.12232859 0.8776714 ]
[0 1],[0.12232227 0.87767774]
[0 1],[0.12232225 0.87767774]
[1 0],[0.87765694 0.12234303]
[0 1],[0.12232228 0.8776777 ]
[0 1],[0.12232228 0.8776777 ]
[1 0],[0.877657   0.12234301]
[1 0],[0.87765694 0.12234304]
[1 0],[0.877657 0.122343]
[0 1],[0.12232663 0.8776734 ]
[1 0],[0.87765694 0.12234303]
[1 0],[0.87765694 0.12234303]
[0 1],[0.12232227 0.87767774]
[0 1],[0.12232227 0.87767774]
[0 1],[0.12232227 0.87767774]
[0 1],[0.12232227 0.87767774]
[1 0],[0.877657 0.122343]
[1 0],[0.877657   0.12234296]
[1 0],[0.877657   0.12234296]
[0 1],[0.12232227 0.87767774]
[0 1],[0.12232227 0.87767774]
[0 1],[0.12232228 0.8776777 ]
[0 1],[0.12232224 0.87767774]
[1 0],[0.877657 0.122343]
[0 1],[0.12232224 0.87767774]
[1 0],[0.877657 0.122343]
[1 0],[0.877657 0.122343]
[1 0],[0.87765694 0.12234303]
[1 0],[0.877657 0.122343]
[1 0],[0.877657   0.12234301]
[0 1],[0.12232228 0.8776777 ]
[0 1],[0.12232227 0.87767774]
[0 1],[0.12232227 0.87767774]
[1 0],[0.87765694 0.12234306]
[0 1],[0.12232224 0.87767774]
[0 1],[0.12232227 0.87767774]
[0 1],[0.12232228 0.8776777 ]
[1 0],[0.877657   0.12234301]
[1 0],[0.877657 0.122343]
[1 0],[0.87765694 0.12234303]
[1 0],[0.8775722  0.12242784]
[0 1],[0.12232418 0.87767583]
[1 0],[0.877657   0.12234296]
[0 1],[0.12232227 0.87767774]
[1 0],[0.877657   0.12234301]
[1 0],[0.877657   0.12234301]
[1 0],[0.877657   0.12234297]
[0 1],[0.12232224 0.87767774]
[0 1],[0.12232227 0.87767774]
[1 0],[0.877657   0.12234301]
[0 1],[0.12232227 0.87767774]
[0 1],[0.12232228 0.8776777 ]
[0 1],[0.12232227 0.87767774]
[1 0],[0.87765425 0.12234574]
[0 1],[0.12232225 0.87767774]
[1 0],[0.877657   0.12234298]
[1 0],[0.8776576  0.12234242]
[0 1],[0.12232224 0.87767774]
[0 1],[0.12232224 0.87767774]
[1 0],[0.877657 0.122343]
[0 1],[0.12232225 0.87767774]
[1 0],[0.877657   0.12234301]
[0 1],[0.12232227 0.87767774]
[1 0],[0.877657   0.12234297]
[1 0],[0.87765694 0.12234303]
[0 1],[0.12232227 0.87767774]
[0 1],[0.12232228 0.8776777 ]
[0 1],[0.12232228 0.8776777 ]
[0 1],[0.12232225 0.87767774]
[0 1],[0.12232227 0.87767774]
[1 0],[0.87765694 0.12234303]
[0 1],[0.12232227 0.87767774]
[0 1],[0.12232225 0.87767774]
[1 0],[0.87765175 0.12234822]
[0 1],[0.12232231 0.8776777 ]
[1 0],[0.877657   0.12234297]
[0 1],[0.12232228 0.8776777 ]
[1 0],[0.877657   0.12234298]
[0 1],[0.12232224 0.87767774]
[1 0],[0.87765694 0.12234303]
[0 1],[0.12232227 0.87767774]
[1 0],[0.87765694 0.12234303]
[1 0],[0.877657 0.122343]
[1 0],[0.87765694 0.12234303]
[0 1],[0.12232224 0.87767774]
[1 0],[0.877657 0.122343]
[1 0],[0.877657 0.122343]
[1 0],[0.877657   0.12234298]
[1 0],[0.877657 0.122343]
[1 0],[0.877657 0.122343]
[1 0],[0.877657   0.12234301]
[0 1],[0.12232228 0.8776777 ]
[0 1],[0.12232228 0.8776777 ]
[1 0],[0.877657 0.122343]
[0 1],[0.12232227 0.87767774]
[1 0],[0.877657 0.122343]
[0 1],[0.12257931 0.8774206 ]
[1 0],[0.87765694 0.12234308]
[0 1],[0.12232227 0.87767774]
[1 0],[0.877657 0.122343]
[1 0],[0.87765694 0.12234303]
[0 1],[0.12232227 0.87767774]
[1 0],[0.8776571  0.12234288]
[1 0],[0.877657   0.12234298]
[1 0],[0.877657   0.12234294]
[1 0],[0.87765694 0.12234306]
[0 1],[0.12232227 0.87767774]
[0 1],[0.12232228 0.8776777 ]
[1 0],[0.87765694 0.12234306]
[1 0],[0.877657   0.12234298]
[1 0],[0.87765694 0.12234303]
[0 1],[0.12232228 0.8776777 ]
[1 0],[0.8776571  0.12234294]
[0 1],[0.12232228 0.8776777 ]
[0 1],[0.12232224 0.87767774]
[0 1],[0.12233078 0.8776692 ]
[0 1],[0.12232224 0.87767774]
[1 0],[0.877657 0.122343]
[0 1],[0.12232225 0.87767774]
[0 1],[0.12232227 0.87767774]
[1 0],[0.87765694 0.12234306]
[0 1],[0.12232227 0.87767774]
[1 0],[0.877657   0.12234296]
[0 1],[0.12232224 0.87767774]
[0 1],[0.12232228 0.8776777 ]
[1 0],[0.877657 0.122343]
[0 1],[0.1223223 0.8776777]
[1 0],[0.87765694 0.12234303]
[1 0],[0.87765557 0.12234442]
[0 1],[0.12232227 0.87767774]
[1 0],[0.87765694 0.12234303]
[0 1],[0.12232227 0.87767774]
[0 1],[0.12232227 0.87767774]
[0 1],[0.12232227 0.87767774]
[0 1],[0.12232224 0.87767774]
[0 1],[0.12232227 0.87767774]
[1 0],[0.87765694 0.12234303]
[1 0],[0.877657 0.122343]
[1 0],[0.877657 0.122343]
[1 0],[0.877657   0.12234296]
[1 0],[0.87765694 0.12234306]
[1 0],[0.87765694 0.12234306]
[0 1],[0.12232227 0.87767774]
[1 0],[0.87765694 0.12234303]
[1 0],[0.87765694 0.12234303]
[1 0],[0.877657   0.12234301]
[0 1],[0.12232225 0.87767774]
[0 1],[0.12232227 0.87767774]
[0 1],[0.12232227 0.87767774]
[1 0],[0.877657   0.12234301]
[0 1],[0.12232235 0.8776777 ]
[0 1],[0.12232224 0.87767774]
[1 0],[0.877657 0.122343]
[0 1],[0.12232228 0.8776777 ]
[1 0],[0.877657   0.12234297]
[0 1],[0.12232714 0.8776729 ]
[1 0],[0.877657   0.12234296]
[0 1],[0.12232227 0.87767774]
[0 1],[0.12232228 0.8776777 ]
[1 0],[0.87765694 0.12234303]
[0 1],[0.12232227 0.87767774]
[0 1],[0.12232228 0.8776777 ]
[1 0],[0.87765694 0.12234304]
[1 0],[0.877657 0.122343]
[1 0],[0.87765694 0.12234303]
[1 0],[0.877657   0.12234301]
[0 1],[0.12232228 0.8776777 ]
[0 1],[0.12232224 0.87767774]
[0 1],[0.12232225 0.87767774]
[1 0],[0.877657   0.12234301]
[0 1],[0.12232219 0.87767786]
[1 0],[0.87765694 0.12234303]
[1 0],[0.877657   0.12234297]
[0 1],[0.12232227 0.87767774]
[0 1],[0.12232224 0.87767774]
[1 0],[0.87757266 0.1224274 ]
[0 1],[0.12232227 0.87767774]
[0 1],[0.12232228 0.8776777 ]
[1 0],[0.87765694 0.12234304]
[1 0],[0.877657   0.12234297]
[0 1],[0.12232227 0.87767774]
[1 0],[0.877657   0.12234297]
[0 1],[0.12232225 0.87767774]
[0 1],[0.12232228 0.8776777 ]
[1 0],[0.877657   0.12234301]
[1 0],[0.87765694 0.12234303]
[0 1],[0.12232227 0.87767774]
[0 1],[0.12232227 0.87767774]
[0 1],[0.12232231 0.8776777 ]
[1 0],[0.877657 0.122343]
[0 1],[0.12232224 0.87767774]
[0 1],[0.12232227 0.87767774]
[0 1],[0.12232228 0.8776777 ]
[1 0],[0.8776572  0.12234282]
[0 1],[0.12232224 0.87767774]
[0 1],[0.12232225 0.87767774]
[0 1],[0.12232227 0.87767774]
[1 0],[0.877657 0.122343]
[0 1],[0.12232228 0.8776777 ]
[0 1],[0.12232227 0.87767774]
[0 1],[0.12232227 0.87767774]
[1 0],[0.877657 0.122343]
[1 0],[0.87765694 0.12234303]
[0 1],[0.12232243 0.87767756]
[1 0],[0.877657   0.12234301]
[1 0],[0.8776544  0.12234565]
[0 1],[0.12232227 0.87767774]
[1 0],[0.87765694 0.12234306]
[1 0],[0.877657 0.122343]
[0 1],[0.12232228 0.8776777 ]
[0 1],[0.12232225 0.87767774]
[1 0],[0.87765694 0.12234303]
[0 1],[0.12232227 0.87767774]
[0 1],[0.12232225 0.87767774]
[1 0],[0.877657 0.122343]
[1 0],[0.87765694 0.12234303]
[1 0],[0.877657   0.12234294]
[1 0],[0.87765694 0.12234304]
[0 1],[0.12232227 0.87767774]
[0 1],[0.12232235 0.8776777 ]
[1 0],[0.87765694 0.12234306]
[1 0],[0.87765694 0.12234303]
[1 0],[0.8776572  0.12234279]
[0 1],[0.12232227 0.87767774]
[0 1],[0.12232227 0.87767774]
[1 0],[0.877657 0.122343]
[0 1],[0.12232228 0.8776777 ]
[0 1],[0.12232225 0.87767774]
[0 1],[0.12232227 0.87767774]
[0 1],[0.12232227 0.87767774]
[1 0],[0.8776572  0.12234284]
[1 0],[0.87765694 0.12234306]
[1 0],[0.87765694 0.12234303]
[1 0],[0.877657   0.12234294]
[0 1],[0.12232228 0.8776777 ]
[0 1],[0.12232225 0.87767774]
[0 1],[0.12232225 0.87767774]
[1 0],[0.877657 0.122343]
[0 1],[0.12232223 0.87767774]
[0 1],[0.12232193 0.87767804]
[0 1],[0.12232227 0.87767774]
[1 0],[0.87765694 0.12234303]
[1 0],[0.877657 0.122343]
[0 1],[0.12233967 0.87766033]
[0 1],[0.1223222  0.87767774]
[1 0],[0.87765694 0.12234303]
[1 0],[0.877657   0.12234297]
[1 0],[0.87765694 0.12234303]
[1 0],[0.87765694 0.12234303]
[1 0],[0.877657 0.122343]
[0 1],[0.12232224 0.87767774]
[1 0],[0.877657 0.122343]
[1 0],[0.87765694 0.12234303]
[0 1],[0.12232224 0.87767774]
[0 1],[0.1223222  0.87767774]
[0 1],[0.12232193 0.87767804]
[1 0],[0.877657   0.12234298]
[0 1],[0.12232227 0.87767774]
[1 0],[0.877657 0.122343]
[0 1],[0.12232225 0.87767774]
[1 0],[0.877657 0.122343]
[0 1],[0.12232225 0.87767774]
[1 0],[0.87765694 0.12234308]
[1 0],[0.8776444  0.12235562]
[1 0],[0.877657   0.12234301]
[0 1],[0.12232223 0.87767774]
[0 1],[0.12232228 0.8776777 ]
[1 0],[0.87765694 0.12234303]
[1 0],[0.877657 0.122343]
[0 1],[0.12232228 0.8776777 ]
[0 1],[0.12232225 0.87767774]
[0 1],[0.12232227 0.87767774]
[0 1],[0.12232227 0.87767774]
[1 0],[0.877657   0.12234301]
[0 1],[0.12232227 0.87767774]
[0 1],[0.12232209 0.877678  ]
[1 0],[0.877657   0.12234297]
[0 1],[0.12232225 0.87767774]
[1 0],[0.877657   0.12234296]
[0 1],[0.12232227 0.87767774]
[0 1],[0.12232238 0.8776777 ]
[1 0],[0.87765694 0.12234303]
[1 0],[0.877658   0.12234203]
[0 1],[0.12232227 0.87767774]
[1 0],[0.87765676 0.12234323]
[1 0],[0.87765694 0.12234306]
[0 1],[0.12232227 0.87767774]
[1 0],[0.8776572  0.12234284]
[1 0],[0.87765694 0.12234303]
[1 0],[0.87765765 0.12234234]
[1 0],[0.877657 0.122343]
[1 0],[0.877657   0.12234301]
[0 1],[0.12232228 0.8776777 ]
[1 0],[0.87765694 0.12234303]
[0 1],[0.12232227 0.87767774]
[0 1],[0.1223222  0.87767774]
[1 0],[0.87765694 0.12234303]
[0 1],[0.12232227 0.87767774]
[0 1],[0.1223222  0.87767774]
[0 1],[0.12232228 0.8776777 ]
[1 0],[0.877657   0.12234301]
[1 0],[0.877657   0.12234301]
[1 0],[0.8776568  0.12234317]
[1 0],[0.87765694 0.12234304]
[0 1],[0.12232227 0.87767774]
[0 1],[0.1223222  0.87767774]
[0 1],[0.12232241 0.87767756]
[0 1],[0.12232227 0.87767774]
[0 1],[0.12232225 0.87767774]
[0 1],[0.12232224 0.87767774]
[0 1],[0.12232227 0.87767774]
[1 0],[0.877657 0.122343]
[0 1],[0.12232227 0.87767774]
[0 1],[0.12232228 0.8776777 ]
[0 1],[0.1223222  0.87767774]
[1 0],[0.877657   0.12234297]
[1 0],[0.87765694 0.12234303]
[1 0],[0.877657   0.12234301]
[0 1],[0.12232224 0.87767774]
[1 0],[0.877657 0.122343]
[1 0],[0.87765694 0.12234311]
[1 0],[0.877657   0.12234301]
[1 0],[0.877657 0.122343]
[0 1],[0.12232227 0.87767774]
[1 0],[0.877657   0.12234301]
[1 0],[0.877657 0.122343]
[1 0],[0.8776572  0.12234279]
[0 1],[0.12232227 0.87767774]
[0 1],[0.12232225 0.87767774]
[1 0],[0.877657   0.12234301]
[0 1],[0.12232615 0.8776738 ]
[0 1],[0.12232225 0.87767774]
[1 0],[0.877657 0.122343]
[0 1],[0.12232228 0.8776777 ]
[0 1],[0.12232225 0.87767774]
[1 0],[0.8776566  0.12234342]
[1 0],[0.87765694 0.12234303]
[1 0],[0.877657   0.12234297]
[0 1],[0.1223224  0.87767756]
[1 0],[0.877657 0.122343]
[0 1],[0.12232227 0.87767774]
[1 0],[0.87765694 0.12234303]
[0 1],[0.12232228 0.8776777 ]
[0 1],[0.12232227 0.87767774]
[0 1],[0.12232227 0.87767774]
[1 0],[0.877657 0.122343]
[1 0],[0.87765694 0.12234303]
[1 0],[0.877657   0.12234301]
[0 1],[0.12232228 0.8776777 ]
[0 1],[0.12232216 0.87767786]
[0 1],[0.12232224 0.87767774]
[0 1],[0.12232227 0.87767774]
[1 0],[0.877657   0.12234294]
[1 0],[0.87765694 0.12234308]
[1 0],[0.877657 0.122343]
[1 0],[0.877657   0.12234297]
[1 0],[0.87765443 0.12234551]
[0 1],[0.12232225 0.87767774]
[1 0],[0.877657 0.122343]
[0 1],[0.12232227 0.87767774]
[0 1],[0.12232227 0.87767774]
[0 1],[0.12232233 0.8776777 ]
[1 0],[0.877657 0.122343]
[0 1],[0.12232224 0.87767774]
[0 1],[0.12232224 0.87767774]
[0 1],[0.12232231 0.8776777 ]
[0 1],[0.12232227 0.87767774]
[1 0],[0.87765694 0.12234303]
[1 0],[0.87765694 0.12234306]
[1 0],[0.877657 0.122343]
[0 1],[0.12232228 0.8776777 ]
[0 1],[0.12232225 0.87767774]
[0 1],[0.12232228 0.8776777 ]
[0 1],[0.12232227 0.87767774]
[1 0],[0.87765694 0.12234303]
[0 1],[0.12232227 0.87767774]
[1 0],[0.877657 0.122343]
[0 1],[0.12232228 0.8776777 ]
[1 0],[0.877657 0.122343]
[0 1],[0.12232227 0.87767774]
[1 0],[0.877657   0.12234294]
[1 0],[0.877657 0.122343]
[1 0],[0.877657 0.122343]
[1 0],[0.877657   0.12234297]
[1 0],[0.877657   0.12234294]
[1 0],[0.877657 0.122343]
[1 0],[0.877657   0.12234297]
[0 1],[0.12232224 0.87767774]
[1 0],[0.8776435  0.12235654]
[1 0],[0.87765694 0.12234303]
[0 1],[0.12232227 0.87767774]
[0 1],[0.12232227 0.87767774]
[0 1],[0.12232227 0.87767774]
[1 0],[0.877657   0.12234301]
[0 1],[0.12232225 0.87767774]
[0 1],[0.12232224 0.87767774]
[1 0],[0.87765694 0.12234303]
[0 1],[0.12232227 0.87767774]
[1 0],[0.87765694 0.12234303]
[0 1],[0.12232227 0.87767774]
[0 1],[0.12232227 0.87767774]
[0 1],[0.12232225 0.87767774]
[1 0],[0.877657 0.122343]
[1 0],[0.87765694 0.12234303]
[0 1],[0.1223242  0.87767583]
[0 1],[0.12232227 0.87767774]
[1 0],[0.877657 0.122343]
[1 0],[0.87765837 0.12234155]
[1 0],[0.87765694 0.12234303]
[1 0],[0.877657 0.122343]
[1 0],[0.87765694 0.12234303]
[0 1],[0.12232223 0.87767774]
[1 0],[0.87765694 0.12234311]
[1 0],[0.87765694 0.12234304]
[1 0],[0.877657 0.122343]
[0 1],[0.12232228 0.8776777 ]
[1 0],[0.877657 0.122343]
[0 1],[0.12232224 0.87767774]
[0 1],[0.12232224 0.87767774]
[1 0],[0.877657 0.122343]
[1 0],[0.877657 0.122343]
[1 0],[0.87765694 0.12234308]
[1 0],[0.87765694 0.12234311]
[1 0],[0.877657   0.12234301]
[0 1],[0.12232228 0.8776777 ]
[0 1],[0.12232219 0.87767786]
[1 0],[0.877657   0.12234297]
[0 1],[0.12232228 0.8776777 ]
[1 0],[0.87765694 0.12234303]
[1 0],[0.87765694 0.12234303]
[0 1],[0.12232225 0.87767774]
[1 0],[0.877657 0.122343]
[1 0],[0.87765676 0.12234323]
[0 1],[0.12232227 0.87767774]
[0 1],[0.12232224 0.87767774]
[1 0],[0.877657 0.122343]
[0 1],[0.12232186 0.87767816]
[0 1],[0.12232228 0.8776777 ]
[1 0],[0.877657 0.122343]
[1 0],[0.8776571  0.12234287]
[0 1],[0.12232244 0.87767756]
[0 1],[0.12232227 0.87767774]
[1 0],[0.87765694 0.12234304]
[1 0],[0.877657   0.12234301]
[0 1],[0.12232227 0.87767774]
[0 1],[0.12232225 0.87767774]
[0 1],[0.12232224 0.87767774]
[0 1],[0.12232224 0.87767774]
[0 1],[0.12232227 0.87767774]
[1 0],[0.87765694 0.12234303]
[0 1],[0.12232227 0.87767774]
[1 0],[0.8776572  0.12234277]
[0 1],[0.12232228 0.8776777 ]
[1 0],[0.87765694 0.12234306]
[0 1],[0.12232247 0.8776775 ]
[0 1],[0.12232223 0.87767774]
[1 0],[0.8776573  0.12234277]
[1 0],[0.877657   0.12234301]
[1 0],[0.877657   0.12234301]
