[1 0],[0.87863886 0.12136108]
[0 1],[0.12143557 0.8785644 ]
[0 1],[0.12143555 0.8785644 ]
[0 1],[0.12143557 0.8785644 ]
[0 1],[0.12143601 0.878564  ]
[1 0],[0.87863886 0.12136108]
[1 0],[0.87863886 0.12136111]
[0 1],[0.12143559 0.8785644 ]
[0 1],[0.12143557 0.8785644 ]
[1 0],[0.87863666 0.12136331]
[1 0],[0.87863886 0.12136105]
[0 1],[0.12143565 0.87856436]
[1 0],[0.878639   0.12136104]
[1 0],[0.87863886 0.12136106]
[0 1],[0.12143167 0.8785683 ]
[1 0],[0.87863886 0.12136106]
[1 0],[0.87863886 0.12136108]
[1 0],[0.87863886 0.12136105]
[1 0],[0.87863886 0.12136108]
[1 0],[0.87863886 0.12136108]
[0 1],[0.12143559 0.8785644 ]
[0 1],[0.12143543 0.87856454]
[1 0],[0.87863886 0.12136111]
[1 0],[0.87863886 0.12136108]
[0 1],[0.12143551 0.8785644 ]
[0 1],[0.12143554 0.8785644 ]
[0 1],[0.12143559 0.8785644 ]
[0 1],[0.12143554 0.8785644 ]
[1 0],[0.87863886 0.12136108]
[0 1],[0.12143557 0.8785644 ]
[1 0],[0.87863886 0.12136105]
[0 1],[0.12143529 0.8785647 ]
[0 1],[0.12143554 0.8785644 ]
[0 1],[0.12143417 0.87856585]
[1 0],[0.87863886 0.12136109]
[0 1],[0.12143551 0.8785644 ]
[1 0],[0.8786387  0.12136135]
[1 0],[0.87863886 0.12136111]
[0 1],[0.12143557 0.8785644 ]
[1 0],[0.87863934 0.12136062]
[1 0],[0.8786388  0.12136117]
[1 0],[0.87863886 0.12136111]
[0 1],[0.12143388 0.8785661 ]
[0 1],[0.12143571 0.87856424]
[1 0],[0.87863886 0.12136105]
[0 1],[0.12143557 0.8785644 ]
[1 0],[0.87863886 0.12136108]
[0 1],[0.12143565 0.87856436]
[1 0],[0.87863886 0.12136108]
[1 0],[0.87863916 0.12136086]
[1 0],[0.87863886 0.12136108]
[0 1],[0.12143563 0.87856436]
[1 0],[0.87863886 0.12136109]
[1 0],[0.87863886 0.12136109]
[0 1],[0.12143558 0.8785644 ]
[1 0],[0.87863886 0.12136108]
[1 0],[0.87863886 0.12136109]
[1 0],[0.87863886 0.12136108]
[0 1],[0.12143557 0.8785644 ]
[1 0],[0.87863886 0.12136108]
[0 1],[0.1214357  0.87856436]
[0 1],[0.12143554 0.8785644 ]
[0 1],[0.12143557 0.8785644 ]
[1 0],[0.87863886 0.12136109]
[1 0],[0.87863886 0.12136108]
[0 1],[0.12143557 0.8785644 ]
[1 0],[0.87863886 0.12136108]
[0 1],[0.12143559 0.8785644 ]
[0 1],[0.12143523 0.8785647 ]
[1 0],[0.87863886 0.12136109]
[1 0],[0.87863886 0.12136108]
[0 1],[0.12143558 0.8785644 ]
[0 1],[0.12143559 0.8785644 ]
[1 0],[0.878639   0.12136104]
[0 1],[0.12143554 0.8785644 ]
[0 1],[0.12143559 0.8785644 ]
[1 0],[0.87863934 0.12136067]
[0 1],[0.12143557 0.8785644 ]
[0 1],[0.12143559 0.8785644 ]
[1 0],[0.87863886 0.12136108]
[1 0],[0.87863886 0.12136105]
[1 0],[0.87863886 0.12136108]
[1 0],[0.87863886 0.12136109]
[1 0],[0.87863886 0.12136106]
[0 1],[0.12143559 0.8785644 ]
[0 1],[0.12143559 0.8785644 ]
[1 0],[0.8786388  0.12136121]
[1 0],[0.87863886 0.12136111]
[1 0],[0.87863946 0.12136055]
[1 0],[0.87863886 0.12136106]
[0 1],[0.12143555 0.8785644 ]
[0 1],[0.12143552 0.8785644 ]
[0 1],[0.12143522 0.87856483]
[0 1],[0.12143555 0.8785644 ]
[0 1],[0.12143581 0.8785642 ]
[0 1],[0.12143565 0.87856436]
[1 0],[0.87863886 0.12136108]
[1 0],[0.87863886 0.12136109]
[0 1],[0.12143531 0.8785647 ]
[1 0],[0.87863886 0.12136108]
[0 1],[0.12143559 0.8785644 ]
[0 1],[0.12143557 0.8785644 ]
[1 0],[0.87863916 0.12136082]
[0 1],[0.12143555 0.8785644 ]
[1 0],[0.87863886 0.12136105]
[1 0],[0.878639   0.12136103]
[1 0],[0.8786388  0.12136119]
[1 0],[0.87863886 0.12136105]
[1 0],[0.87863886 0.12136109]
[1 0],[0.87863886 0.12136108]
[0 1],[0.12143569 0.87856424]
[0 1],[0.12143558 0.8785644 ]
[0 1],[0.12143557 0.8785644 ]
[0 1],[0.12143557 0.8785644 ]
[1 0],[0.87863886 0.12136108]
[1 0],[0.87863886 0.12136106]
[1 0],[0.87863886 0.12136106]
[1 0],[0.87863886 0.12136108]
[0 1],[0.12143554 0.8785644 ]
[1 0],[0.87863886 0.12136111]
[0 1],[0.12143529 0.8785647 ]
[0 1],[0.12143559 0.8785644 ]
[0 1],[0.12143554 0.8785644 ]
[1 0],[0.87863886 0.12136108]
[1 0],[0.8786388  0.12136119]
[0 1],[0.12143558 0.8785644 ]
[0 1],[0.12143557 0.8785644 ]
[1 0],[0.87863886 0.12136108]
[0 1],[0.12143534 0.87856466]
[0 1],[0.12143554 0.8785644 ]
[1 0],[0.8786391  0.12136096]
[1 0],[0.87863886 0.12136111]
[1 0],[0.87863886 0.12136108]
[1 0],[0.87863916 0.12136079]
[0 1],[0.12143557 0.8785644 ]
[0 1],[0.12143407 0.8785659 ]
[0 1],[0.12143608 0.8785639 ]
[1 0],[0.8786386  0.12136137]
[1 0],[0.87863886 0.12136109]
[0 1],[0.12143571 0.87856424]
[1 0],[0.87863916 0.12136086]
[0 1],[0.12143559 0.8785644 ]
[1 0],[0.87863886 0.12136111]
[1 0],[0.87863886 0.12136108]
[0 1],[0.12143559 0.8785644 ]
[0 1],[0.12143511 0.8785649 ]
[0 1],[0.12143565 0.87856436]
[0 1],[0.12143557 0.8785644 ]
[1 0],[0.878639 0.121361]
[0 1],[0.12143557 0.8785644 ]
[0 1],[0.12143563 0.87856436]
[0 1],[0.12143557 0.8785644 ]
[1 0],[0.8786387  0.12136132]
[0 1],[0.12143557 0.8785644 ]
[1 0],[0.8786387  0.12136125]
[1 0],[0.87863886 0.12136108]
[1 0],[0.87863886 0.12136108]
[0 1],[0.12143552 0.8785644 ]
[0 1],[0.12143558 0.8785644 ]
[0 1],[0.12143559 0.8785644 ]
[0 1],[0.12143559 0.8785644 ]
[1 0],[0.878639   0.12136102]
[0 1],[0.12143554 0.8785644 ]
[0 1],[0.12143558 0.8785644 ]
[0 1],[0.12143588 0.87856406]
[1 0],[0.87863886 0.12136111]
[0 1],[0.12143551 0.8785644 ]
[0 1],[0.12143557 0.8785644 ]
[1 0],[0.87863886 0.12136108]
[0 1],[0.12143557 0.8785644 ]
[0 1],[0.1214357  0.87856436]
[1 0],[0.87863886 0.12136108]
[0 1],[0.12143511 0.8785649 ]
[1 0],[0.87863886 0.12136109]
[1 0],[0.878639   0.12136102]
[1 0],[0.8786391  0.12136098]
[1 0],[0.87863886 0.12136106]
[0 1],[0.12143557 0.8785644 ]
[1 0],[0.87863886 0.12136108]
[0 1],[0.12143558 0.8785644 ]
[1 0],[0.87863934 0.12136067]
[1 0],[0.8786393  0.12136072]
[1 0],[0.87863886 0.12136111]
[0 1],[0.12143559 0.8785644 ]
[1 0],[0.87863886 0.12136108]
[0 1],[0.12143557 0.8785644 ]
[0 1],[0.12143555 0.8785644 ]
[0 1],[0.12143558 0.8785644 ]
[1 0],[0.87863886 0.12136108]
[1 0],[0.87863946 0.1213605 ]
[1 0],[0.87863886 0.12136109]
[1 0],[0.87863785 0.12136209]
[0 1],[0.12143555 0.8785644 ]
[0 1],[0.12143548 0.87856454]
[1 0],[0.87863886 0.12136109]
[1 0],[0.87863886 0.12136111]
[1 0],[0.87863886 0.12136106]
[1 0],[0.87863886 0.12136111]
[1 0],[0.87863886 0.12136105]
[0 1],[0.12143557 0.8785644 ]
[0 1],[0.12143725 0.8785628 ]
[0 1],[0.12143555 0.8785644 ]
[1 0],[0.87863886 0.12136105]
[0 1],[0.12143559 0.8785644 ]
[0 1],[0.12143522 0.87856483]
[1 0],[0.87863886 0.12136105]
[0 1],[0.1214357  0.87856436]
[0 1],[0.12143551 0.8785644 ]
[1 0],[0.87863886 0.12136108]
[0 1],[0.12143557 0.8785644 ]
[0 1],[0.12143558 0.8785644 ]
[1 0],[0.87863886 0.12136108]
[0 1],[0.12143557 0.8785644 ]
[0 1],[0.12143558 0.8785644 ]
[1 0],[0.87863886 0.12136108]
[1 0],[0.87863886 0.12136108]
[0 1],[0.12143557 0.8785644 ]
[1 0],[0.87863886 0.12136108]
[1 0],[0.87863916 0.12136086]
[0 1],[0.12143554 0.8785644 ]
[1 0],[0.878639 0.121361]
[1 0],[0.87863886 0.12136106]
[1 0],[0.87863916 0.12136083]
[0 1],[0.12143554 0.8785644 ]
[1 0],[0.87863886 0.12136109]
[1 0],[0.87863886 0.12136108]
[0 1],[0.12143559 0.8785644 ]
[1 0],[0.87863886 0.12136108]
[1 0],[0.87863886 0.12136113]
[0 1],[0.12143554 0.8785644 ]
[0 1],[0.12143549 0.87856454]
[0 1],[0.12143554 0.8785644 ]
[0 1],[0.12143492 0.8785651 ]
[1 0],[0.87863886 0.12136108]
[1 0],[0.87863886 0.12136109]
[0 1],[0.12143551 0.8785644 ]
[1 0],[0.87863886 0.12136108]
[1 0],[0.87863886 0.12136108]
[1 0],[0.87863886 0.12136108]
[1 0],[0.87864    0.12136003]
[1 0],[0.87863886 0.12136109]
[0 1],[0.12143557 0.8785644 ]
[0 1],[0.12143558 0.8785644 ]
[0 1],[0.12143558 0.8785644 ]
[1 0],[0.87863886 0.12136108]
[0 1],[0.12143581 0.8785642 ]
[1 0],[0.87863886 0.12136114]
[0 1],[0.12143554 0.8785644 ]
[0 1],[0.12143572 0.87856424]
[0 1],[0.12143558 0.8785644 ]
[1 0],[0.87863886 0.12136108]
[1 0],[0.87863886 0.12136105]
[0 1],[0.12143558 0.8785644 ]
[1 0],[0.87863886 0.12136108]
[0 1],[0.12143557 0.8785644 ]
[0 1],[0.12143551 0.8785644 ]
[0 1],[0.12143529 0.8785647 ]
[0 1],[0.12143543 0.87856454]
[1 0],[0.87855655 0.12144351]
[1 0],[0.87863886 0.12136108]
[1 0],[0.87863886 0.12136105]
[0 1],[0.1214356  0.87856436]
[1 0],[0.87863886 0.12136105]
[0 1],[0.12143554 0.8785644 ]
[0 1],[0.12143554 0.8785644 ]
[1 0],[0.87863964 0.12136035]
[0 1],[0.12143551 0.8785644 ]
[1 0],[0.87863886 0.12136105]
[0 1],[0.12143546 0.87856454]
[0 1],[0.12143558 0.8785644 ]
[0 1],[0.12143559 0.8785644 ]
[1 0],[0.8786371  0.12136294]
[1 0],[0.8786388  0.12136117]
[1 0],[0.8786391  0.12136097]
[0 1],[0.12143551 0.8785644 ]
[0 1],[0.12143559 0.8785644 ]
[1 0],[0.87863886 0.12136106]
[1 0],[0.87863886 0.12136106]
[0 1],[0.1214354  0.87856466]
[0 1],[0.12143558 0.8785644 ]
[1 0],[0.878639   0.12136098]
[1 0],[0.87863886 0.12136109]
[0 1],[0.12143559 0.8785644 ]
[1 0],[0.87863886 0.12136108]
[0 1],[0.12143495 0.8785651 ]
[1 0],[0.87863886 0.12136105]
[0 1],[0.12143559 0.8785644 ]
[0 1],[0.12143557 0.8785644 ]
[0 1],[0.12143462 0.8785654 ]
[1 0],[0.87863886 0.12136105]
[0 1],[0.12143593 0.87856406]
[1 0],[0.87863886 0.12136106]
[0 1],[0.12143559 0.8785644 ]
[1 0],[0.87863886 0.12136108]
[0 1],[0.12143559 0.8785644 ]
[0 1],[0.12143555 0.8785644 ]
[0 1],[0.12143557 0.8785644 ]
[1 0],[0.878639   0.12136103]
[1 0],[0.8786388  0.12136119]
[1 0],[0.87863886 0.12136106]
[1 0],[0.87863886 0.12136109]
[0 1],[0.12143559 0.8785644 ]
[1 0],[0.87863886 0.12136109]
[1 0],[0.8786387  0.12136125]
[0 1],[0.12143529 0.8785647 ]
[1 0],[0.8786393 0.1213607]
[1 0],[0.87863886 0.12136108]
[0 1],[0.12143592 0.87856406]
[1 0],[0.87863886 0.12136108]
[0 1],[0.12143559 0.8785644 ]
[0 1],[0.12143554 0.8785644 ]
[0 1],[0.12143558 0.8785644 ]
[0 1],[0.12143555 0.8785644 ]
[1 0],[0.87863886 0.12136108]
[1 0],[0.87863886 0.12136109]
[1 0],[0.87863886 0.12136106]
[0 1],[0.12143549 0.87856454]
[1 0],[0.8786388  0.12136119]
[1 0],[0.87863886 0.12136109]
[0 1],[0.12143486 0.8785652 ]
[0 1],[0.12143557 0.8785644 ]
[1 0],[0.87863886 0.12136108]
[1 0],[0.878639 0.121361]
[0 1],[0.12143559 0.8785644 ]
[0 1],[0.12143559 0.8785644 ]
[0 1],[0.12143558 0.8785644 ]
[1 0],[0.87863916 0.12136083]
[0 1],[0.12143549 0.87856454]
[1 0],[0.87863886 0.12136108]
[1 0],[0.8786391  0.12136091]
[1 0],[0.87863916 0.12136086]
[1 0],[0.8786387  0.12136125]
[0 1],[0.12143522 0.87856483]
[0 1],[0.12143559 0.8785644 ]
[0 1],[0.1214356  0.87856436]
[1 0],[0.87863886 0.12136105]
[1 0],[0.87863886 0.12136108]
[0 1],[0.12143557 0.8785644 ]
[0 1],[0.12143557 0.8785644 ]
[0 1],[0.12143537 0.87856466]
[1 0],[0.8786391  0.12136091]
[1 0],[0.87863886 0.12136108]
[1 0],[0.87863886 0.12136108]
[1 0],[0.87863946 0.12136053]
[0 1],[0.12143551 0.8785644 ]
[0 1],[0.12143546 0.87856454]
[0 1],[0.12143554 0.8785644 ]
[1 0],[0.878639   0.12136104]
[1 0],[0.87863916 0.12136079]
[1 0],[0.87863845 0.12136157]
[1 0],[0.87863886 0.12136111]
[1 0],[0.878639   0.12136103]
[1 0],[0.8786386  0.12136139]
[0 1],[0.12143558 0.8785644 ]
[1 0],[0.87863886 0.12136111]
[0 1],[0.1214356  0.87856436]
[0 1],[0.12143549 0.87856454]
[0 1],[0.12143546 0.87856454]
[0 1],[0.12143559 0.8785644 ]
[0 1],[0.12143558 0.8785644 ]
[0 1],[0.12143551 0.8785644 ]
[0 1],[0.12143557 0.8785644 ]
[1 0],[0.87863886 0.12136108]
[0 1],[0.12143554 0.8785644 ]
[0 1],[0.12143558 0.8785644 ]
[0 1],[0.12143558 0.8785644 ]
[1 0],[0.87863886 0.12136108]
[1 0],[0.87863886 0.12136109]
[1 0],[0.87863886 0.12136108]
[1 0],[0.87863714 0.12136284]
[1 0],[0.878639   0.12136098]
[0 1],[0.12143549 0.87856454]
[1 0],[0.8786386  0.12136136]
[1 0],[0.878639   0.12136103]
[0 1],[0.12143554 0.8785644 ]
[0 1],[0.12143559 0.8785644 ]
[1 0],[0.87863886 0.12136108]
[0 1],[0.12143554 0.8785644 ]
[0 1],[0.12143567 0.87856436]
[1 0],[0.87863886 0.12136111]
[0 1],[0.12143511 0.8785649 ]
[0 1],[0.12143525 0.8785647 ]
[0 1],[0.12143447 0.87856555]
[1 0],[0.8786387  0.12136128]
[1 0],[0.8786388  0.12136119]
[0 1],[0.12143551 0.8785644 ]
[1 0],[0.8786393  0.12136069]
[1 0],[0.87863886 0.12136109]
[0 1],[0.12143559 0.8785644 ]
[1 0],[0.87863916 0.12136085]
[0 1],[0.12143558 0.8785644 ]
[0 1],[0.12143559 0.8785644 ]
[1 0],[0.87863886 0.12136105]
[1 0],[0.87863886 0.12136111]
[0 1],[0.12143557 0.8785644 ]
[0 1],[0.12143557 0.8785644 ]
[1 0],[0.87863886 0.12136109]
[1 0],[0.87863886 0.12136111]
[0 1],[0.12143557 0.8785644 ]
[1 0],[0.878639   0.12136103]
[0 1],[0.12143543 0.87856454]
[0 1],[0.12143551 0.8785644 ]
[1 0],[0.87863886 0.12136105]
[1 0],[0.87863886 0.12136108]
[0 1],[0.12143558 0.8785644 ]
[1 0],[0.878639   0.12136099]
[1 0],[0.87863886 0.12136105]
[1 0],[0.87863886 0.12136108]
[0 1],[0.12143559 0.8785644 ]
[0 1],[0.12143552 0.87856454]
[0 1],[0.12143558 0.8785644 ]
[0 1],[0.12143554 0.8785644 ]
[0 1],[0.12143557 0.8785644 ]
[0 1],[0.12143559 0.8785644 ]
[1 0],[0.87863886 0.12136108]
[0 1],[0.12143559 0.8785644 ]
[1 0],[0.87863886 0.12136109]
[0 1],[0.12143555 0.8785644 ]
[1 0],[0.87863886 0.12136108]
[0 1],[0.12143559 0.8785644 ]
[1 0],[0.8786391  0.12136093]
[0 1],[0.12143559 0.8785644 ]
[1 0],[0.87863886 0.12136108]
[1 0],[0.87863886 0.12136111]
[1 0],[0.87863886 0.12136112]
[1 0],[0.878639   0.12136103]
[1 0],[0.87864053 0.12135944]
[0 1],[0.12143557 0.8785644 ]
[1 0],[0.87863886 0.12136111]
[1 0],[0.87863886 0.12136109]
[0 1],[0.12143596 0.878564  ]
[1 0],[0.8786403  0.12135977]
[0 1],[0.12143559 0.8785644 ]
[1 0],[0.878639   0.12136103]
[0 1],[0.12143554 0.8785644 ]
[0 1],[0.12143557 0.8785644 ]
[0 1],[0.12143549 0.87856454]
[1 0],[0.878639   0.12136103]
[1 0],[0.87853116 0.12146889]
[0 1],[0.12143473 0.87856525]
[1 0],[0.87863886 0.12136108]
[0 1],[0.12143483 0.8785652 ]
[0 1],[0.1214356  0.87856436]
[1 0],[0.878639   0.12136103]
[1 0],[0.87863886 0.12136106]
[1 0],[0.87863886 0.12136106]
[1 0],[0.87863886 0.12136109]
[0 1],[0.12143557 0.8785644 ]
[0 1],[0.12143557 0.8785644 ]
[1 0],[0.87863886 0.12136111]
[1 0],[0.87863886 0.12136111]
[1 0],[0.87863886 0.12136108]
[1 0],[0.8786398  0.12136023]
[1 0],[0.87863886 0.12136109]
[0 1],[0.12143496 0.8785651 ]
[0 1],[0.12143554 0.8785644 ]
[0 1],[0.12143385 0.8785662 ]
[1 0],[0.8786385  0.12136152]
[0 1],[0.12143557 0.8785644 ]
[1 0],[0.87863886 0.12136106]
[1 0],[0.8786286  0.12137138]
[0 1],[0.12143559 0.8785644 ]
[0 1],[0.12143554 0.8785644 ]
[1 0],[0.87863886 0.12136111]
[1 0],[0.8786388  0.12136121]
[1 0],[0.87863886 0.12136105]
[1 0],[0.8786387  0.12136125]
[1 0],[0.87863934 0.12136062]
[0 1],[0.12143557 0.8785644 ]
[0 1],[0.12143557 0.8785644 ]
[0 1],[0.12143559 0.8785644 ]
[1 0],[0.87863886 0.12136108]
[1 0],[0.87863886 0.12136105]
[0 1],[0.12143559 0.8785644 ]
[0 1],[0.12143558 0.8785644 ]
[1 0],[0.87863946 0.12136056]
[0 1],[0.1214356  0.87856436]
[1 0],[0.87863886 0.12136108]
[1 0],[0.8786387  0.12136135]
[0 1],[0.12143551 0.8785644 ]
[1 0],[0.8786391  0.12136097]
[0 1],[0.12143603 0.878564  ]
[1 0],[0.87863886 0.12136111]
[1 0],[0.87863886 0.12136108]
[0 1],[0.12143571 0.87856424]
[1 0],[0.87863886 0.12136108]
[1 0],[0.8786405  0.12135956]
[0 1],[0.12143558 0.8785644 ]
[1 0],[0.87863886 0.12136106]
[0 1],[0.12143559 0.8785644 ]
[1 0],[0.87863886 0.12136108]
[0 1],[0.12143557 0.8785644 ]
[1 0],[0.87864 0.12136]
[0 1],[0.12143549 0.87856454]
[0 1],[0.12143559 0.8785644 ]
[0 1],[0.12143522 0.87856483]
[0 1],[0.12143557 0.8785644 ]
[1 0],[0.8786391  0.12136093]
[0 1],[0.12143554 0.8785644 ]
[0 1],[0.12143558 0.8785644 ]
[0 1],[0.12143537 0.87856466]
[0 1],[0.12143559 0.8785644 ]
[1 0],[0.87863886 0.12136105]
[1 0],[0.87863886 0.12136108]
[0 1],[0.12143535 0.87856466]
[1 0],[0.87863886 0.12136111]
[0 1],[0.12143558 0.8785644 ]
[1 0],[0.87863886 0.12136108]
[1 0],[0.878639   0.12136103]
[0 1],[0.12143559 0.8785644 ]
[0 1],[0.12143559 0.8785644 ]
[1 0],[0.8786383  0.12136162]
[0 1],[0.12143557 0.8785644 ]
[1 0],[0.878639   0.12136098]
[1 0],[0.8786388  0.12136124]
[1 0],[0.878639   0.12136103]
[0 1],[0.12143554 0.8785644 ]
[0 1],[0.12143613 0.8785639 ]
[0 1],[0.12143557 0.8785644 ]
[0 1],[0.12143554 0.8785644 ]
[1 0],[0.87863886 0.12136108]
[1 0],[0.87863916 0.12136079]
[1 0],[0.87863886 0.12136111]
[1 0],[0.87863886 0.12136112]
[0 1],[0.12143557 0.8785644 ]
[0 1],[0.12143571 0.87856424]
[1 0],[0.87863886 0.12136111]
[0 1],[0.12143554 0.8785644 ]
[1 0],[0.87863886 0.12136109]
[0 1],[0.12143557 0.8785644 ]
[0 1],[0.12143557 0.8785644 ]
[0 1],[0.12143557 0.8785644 ]
[1 0],[0.87863886 0.12136111]
[0 1],[0.12143391 0.8785661 ]
[0 1],[0.1214356  0.87856436]
[1 0],[0.87863886 0.12136108]
[1 0],[0.87863886 0.12136113]
[0 1],[0.12143554 0.8785644 ]
[1 0],[0.87863886 0.12136114]
[0 1],[0.12143559 0.8785644 ]
[0 1],[0.12143558 0.8785644 ]
[0 1],[0.12143557 0.8785644 ]
[0 1],[0.12143559 0.8785644 ]
[0 1],[0.12143481 0.8785652 ]
[0 1],[0.12143557 0.8785644 ]
[0 1],[0.12143558 0.8785644 ]
[0 1],[0.12143557 0.8785644 ]
[0 1],[0.12143557 0.8785644 ]
[1 0],[0.87863886 0.12136108]
[0 1],[0.12143563 0.87856436]
[1 0],[0.87863886 0.12136109]
[0 1],[0.1214356  0.87856436]
[0 1],[0.12143559 0.8785644 ]
[0 1],[0.12143455 0.87856543]
[1 0],[0.87863886 0.12136105]
[1 0],[0.87863886 0.12136109]
[1 0],[0.878639 0.121361]
[1 0],[0.87863886 0.12136108]
