[0 1],[0.13434698 0.86565304]
[1 0],[0.8676845  0.13231552]
[0 1],[0.13420631 0.86579376]
[1 0],[0.8675671  0.13243283]
[0 1],[0.17399622 0.82600373]
[1 0],[0.86780673 0.13219322]
[0 1],[0.13461925 0.86538076]
[0 1],[0.13475594 0.8652441 ]
[1 0],[0.8678291  0.13217086]
[1 0],[0.85968184 0.1403181 ]
[1 0],[0.85289145 0.14710854]
[0 1],[0.13410231 0.86589766]
[1 0],[0.8680889  0.13191111]
[0 1],[0.1347258  0.86527413]
[1 0],[0.8679812  0.13201874]
[1 0],[0.86806    0.13193998]
[0 1],[0.13498482 0.8650152 ]
[1 0],[0.8680526  0.13194738]
[0 1],[0.13429251 0.8657074 ]
[1 0],[0.8679938  0.13200621]
[0 1],[0.13699183 0.8630082 ]
[1 0],[0.86353236 0.13646762]
[0 1],[0.13652371 0.8634763 ]
[1 0],[0.85431755 0.14568242]
[0 1],[0.13508168 0.86491835]
[1 0],[0.86773133 0.13226861]
[0 1],[0.13413972 0.86586034]
[1 0],[0.86341935 0.13658056]
[0 1],[0.1342559 0.8657442]
[1 0],[0.867886   0.13211392]
[0 1],[0.13441233 0.86558765]
[1 0],[0.861336   0.13866399]
[1 0],[0.86728585 0.1327142 ]
[1 0],[0.86394125 0.13605875]
[0 1],[0.13468009 0.86531997]
[1 0],[0.86738664 0.13261339]
[0 1],[0.13474235 0.8652576 ]
[1 0],[0.8679834  0.13201658]
[0 1],[0.13511367 0.86488634]
[1 0],[0.8675609  0.13243906]
[0 1],[0.13417782 0.86582214]
[1 0],[0.7474125  0.25258756]
[1 0],[0.86465317 0.13534689]
[0 1],[0.1342832 0.8657168]
[1 0],[0.8257898  0.17421024]
[1 0],[0.8677214  0.13227867]
[0 1],[0.13475989 0.86524016]
[0 1],[0.13421318 0.8657868 ]
[0 1],[0.13547167 0.8645283 ]
[0 1],[0.23343413 0.7665658 ]
[0 1],[0.1347954 0.8652046]
[1 0],[0.8680556  0.13194436]
[0 1],[0.13560612 0.8643939 ]
[1 0],[0.86655664 0.13344333]
[0 1],[0.13482092 0.865179  ]
[1 0],[0.86740553 0.1325944 ]
[1 0],[0.8518005  0.14819948]
[0 1],[0.13496251 0.8650375 ]
[1 0],[0.86326504 0.13673496]
[0 1],[0.13606428 0.86393577]
[1 0],[0.86712795 0.13287199]
[0 1],[0.13474038 0.8652596 ]
[1 0],[0.8680193  0.13198067]
[0 1],[0.13460304 0.865397  ]
[1 0],[0.6796832  0.32031676]
[1 0],[0.86630994 0.13369009]
[0 1],[0.13404319 0.86595684]
[1 0],[0.8617301 0.1382699]
[1 0],[0.86410403 0.13589592]
[0 1],[0.13437212 0.86562794]
[1 0],[0.85981685 0.14018315]
[0 1],[0.13484299 0.865157  ]
[1 0],[0.8680981  0.13190195]
[0 1],[0.13397828 0.86602175]
[1 0],[0.8680511  0.13194884]
[0 1],[0.13601275 0.86398727]
[1 0],[0.83128256 0.16871741]
[1 0],[0.8643914  0.13560864]
[0 1],[0.13855864 0.8614413 ]
[1 0],[0.13967092 0.8603291 ]
[0 1],[0.13497925 0.86502075]
[0 1],[0.13479653 0.8652035 ]
[1 0],[0.86793244 0.13206758]
[0 1],[0.13463779 0.86536217]
[1 0],[0.86790085 0.13209915]
[0 1],[0.13444802 0.865552  ]
[1 0],[0.86400294 0.13599709]
[0 1],[0.1654223  0.83457774]
[1 0],[0.8678178  0.13218224]
[0 1],[0.13772975 0.86227024]
[1 0],[0.86758965 0.13241032]
[0 1],[0.13733014 0.8626699 ]
[1 0],[0.86364615 0.1363538 ]
[0 1],[0.85698897 0.14301108]
[1 0],[0.8679226  0.13207741]
[0 1],[0.15837242 0.84162754]
[1 0],[0.8629217  0.13707829]
[1 0],[0.8483423 0.1516577]
[0 1],[0.13474837 0.86525166]
[0 1],[0.13522786 0.86477214]
[1 0],[0.8679217  0.13207829]
[1 0],[0.8677909  0.13220914]
[0 1],[0.15231435 0.84768564]
[1 0],[0.8593725  0.14062756]
[0 1],[0.13409975 0.8659003 ]
[1 0],[0.8443512  0.15564878]
[1 0],[0.86299276 0.13700728]
[0 1],[0.14373967 0.85626036]
[0 1],[0.13486755 0.86513245]
[1 0],[0.8679487  0.13205126]
[1 0],[0.8679047  0.13209525]
[1 0],[0.8622351  0.13776489]
[0 1],[0.13599338 0.8640066 ]
[1 0],[0.84782004 0.15218   ]
[1 0],[0.8636861  0.13631396]
[1 0],[0.86795735 0.13204272]
[0 1],[0.13598807 0.86401194]
[1 0],[0.8679769  0.13202307]
[0 1],[0.13461368 0.86538625]
[1 0],[0.8525794  0.14742061]
[1 0],[0.86795545 0.13204458]
[0 1],[0.13475317 0.86524683]
[0 1],[0.13412721 0.86587274]
[1 0],[0.8678991  0.13210087]
[0 1],[0.13431078 0.8656892 ]
[1 0],[0.86312497 0.13687499]
[0 1],[0.13533138 0.86466867]
[0 1],[0.13502327 0.8649767 ]
[1 0],[0.8678711 0.1321289]
[0 1],[0.13695596 0.86304396]
[1 0],[0.86632484 0.1336751 ]
[0 1],[0.13611054 0.8638894 ]
[1 0],[0.8642092 0.1357908]
[0 1],[0.13402428 0.86597574]
[1 0],[0.86728233 0.13271765]
[0 1],[0.14093974 0.8590602 ]
[1 0],[0.86384654 0.13615353]
[1 0],[0.84328425 0.15671574]
[1 0],[0.8344541  0.16554587]
[0 1],[0.1356534  0.86434656]
[0 1],[0.13448687 0.86551315]
[1 0],[0.8680042  0.13199581]
[1 0],[0.8641765  0.13582349]
[0 1],[0.13429873 0.86570126]
[1 0],[0.8680235  0.13197646]
[0 1],[0.1341964  0.86580354]
[1 0],[0.8540215  0.14597851]
[1 0],[0.8678131  0.13218684]
[0 1],[0.13423915 0.86576086]
[1 0],[0.8665563  0.13344368]
[1 0],[0.8646336  0.13536638]
[1 0],[0.8679657  0.13203432]
[0 1],[0.13444118 0.8655588 ]
[1 0],[0.86797476 0.13202529]
[1 0],[0.8680317  0.13196826]
[0 1],[0.13848014 0.8615199 ]
[0 1],[0.86067945 0.13932054]
[1 0],[0.8675302  0.13246977]
[0 1],[0.13600299 0.86399704]
[1 0],[0.8624403  0.13755979]
[0 1],[0.13422275 0.8657773 ]
[1 0],[0.86134857 0.1386515 ]
[0 1],[0.13529839 0.8647016 ]
[1 0],[0.8678959  0.13210408]
[0 1],[0.13453445 0.8654656 ]
[1 0],[0.8619417  0.13805829]
[0 1],[0.13545139 0.8645486 ]
[1 0],[0.86769456 0.13230541]
[1 0],[0.8491912  0.15080881]
[0 1],[0.1351754  0.86482453]
[1 0],[0.86657274 0.13342729]
[0 1],[0.13405256 0.8659475 ]
[1 0],[0.86465865 0.13534135]
[0 1],[0.13817109 0.86182886]
[0 1],[0.1343523 0.8656477]
[0 1],[0.13441966 0.8655803 ]
[1 0],[0.8600555  0.13994457]
[1 0],[0.861646   0.13835399]
[1 0],[0.86716074 0.13283917]
[0 1],[0.13430104 0.86569893]
[0 1],[0.13467905 0.8653209 ]
[0 1],[0.1381826  0.86181736]
[1 0],[0.8608871  0.13911286]
[0 1],[0.13454725 0.86545277]
[0 1],[0.13476107 0.865239  ]
[0 1],[0.13786465 0.86213535]
[0 1],[0.1345389 0.8654611]
[0 1],[0.13537219 0.86462784]
[1 0],[0.8652872  0.13471276]
[0 1],[0.13455623 0.86544377]
[0 1],[0.1350076 0.8649924]
[1 0],[0.56741595 0.4325841 ]
[0 1],[0.13739413 0.8626059 ]
[1 0],[0.8325754  0.16742462]
[0 1],[0.1343326 0.8656674]
[1 0],[0.8411466  0.15885338]
[0 1],[0.1345037 0.8654963]
[1 0],[0.86808884 0.13191114]
[1 0],[0.839924   0.16007607]
[1 0],[0.8678713  0.13212873]
[0 1],[0.13448103 0.8655189 ]
[1 0],[0.86707777 0.13292225]
[0 1],[0.13443395 0.865566  ]
[0 1],[0.13440289 0.8655971 ]
[1 0],[0.84933335 0.15066667]
[0 1],[0.84362    0.15638001]
[0 1],[0.13393912 0.8660609 ]
[1 0],[0.867834   0.13216606]
[0 1],[0.1343986 0.8656014]
[1 0],[0.86809105 0.1319089 ]
[0 1],[0.1441978 0.8558022]
[1 0],[0.86767447 0.13232553]
[0 1],[0.13670093 0.8632991 ]
[0 1],[0.13601416 0.86398584]
[0 1],[0.1340213 0.8659788]
[1 0],[0.86204773 0.13795225]
[0 1],[0.1345903 0.8654097]
[1 0],[0.13496092 0.86503905]
[0 1],[0.13470177 0.8652983 ]
[0 1],[0.13446139 0.8655386 ]
[1 0],[0.86784565 0.13215442]
[1 0],[0.8594015  0.14059849]
[1 0],[0.8675806  0.13241942]
[0 1],[0.1344516  0.86554843]
[1 0],[0.8680162  0.13198382]
[0 1],[0.13512525 0.8648748 ]
[1 0],[0.86763406 0.13236591]
[0 1],[0.13472238 0.86527765]
[1 0],[0.83369815 0.16630189]
[0 1],[0.24462037 0.7553796 ]
[1 0],[0.86624396 0.13375597]
[0 1],[0.1358327  0.86416733]
[1 0],[0.8668156 0.1331844]
[0 1],[0.13454768 0.86545235]
[0 1],[0.13640772 0.86359227]
[0 1],[0.1434642  0.85653573]
[1 0],[0.8679324  0.13206762]
[0 1],[0.13498546 0.8650145 ]
[1 0],[0.8460821  0.15391786]
[0 1],[0.13439661 0.8656033 ]
[1 0],[0.8539906  0.14600942]
[1 0],[0.85353327 0.14646667]
[0 1],[0.1340654 0.8659346]
[1 0],[0.8678371  0.13216287]
[0 1],[0.13631077 0.8636893 ]
[1 0],[0.86156565 0.1384344 ]
[0 1],[0.13412488 0.8658751 ]
[1 0],[0.86776465 0.13223536]
[0 1],[0.1495786 0.8504214]
[1 0],[0.8666298  0.13337018]
[1 0],[0.8361145  0.16388549]
[0 1],[0.13522509 0.8647749 ]
[1 0],[0.8630923  0.13690774]
[0 1],[0.13437071 0.86562926]
[0 1],[0.13439763 0.8656024 ]
[1 0],[0.86804545 0.13195457]
[0 1],[0.13450196 0.86549807]
[1 0],[0.868001   0.13199906]
[0 1],[0.13465384 0.8653461 ]
[1 0],[0.8610959  0.13890404]
[1 0],[0.8677267  0.13227335]
[0 1],[0.1344394 0.8655606]
[1 0],[0.8561427  0.14385732]
[0 1],[0.8371423  0.16285764]
[1 0],[0.8640932  0.13590685]
[1 0],[0.8642517  0.13574837]
[0 1],[0.13578951 0.8642105 ]
[0 1],[0.13492712 0.86507285]
[0 1],[0.13647729 0.86352265]
[0 1],[0.1340272 0.8659729]
[1 0],[0.8637799  0.13622008]
[0 1],[0.13445134 0.8655487 ]
[1 0],[0.8614828  0.13851714]
[1 0],[0.8671635 0.1328366]
[0 1],[0.13750826 0.86249167]
[1 0],[0.86802703 0.131973  ]
[0 1],[0.13422342 0.8657766 ]
[1 0],[0.8672519  0.13274813]
[0 1],[0.1345169  0.86548305]
[1 0],[0.86384565 0.13615434]
[0 1],[0.13745138 0.86254865]
[1 0],[0.86805934 0.13194062]
[0 1],[0.13457042 0.8654296 ]
[1 0],[0.8556244 0.1443756]
[1 0],[0.86779606 0.13220395]
[1 0],[0.8676715  0.13232854]
[1 0],[0.86659586 0.13340418]
[0 1],[0.13399187 0.86600816]
[1 0],[0.8633253  0.13667469]
[0 1],[0.13444968 0.8655503 ]
[1 0],[0.84388006 0.15612003]
[0 1],[0.13456328 0.86543673]
[0 1],[0.13427286 0.86572707]
[1 0],[0.8554081 0.1445919]
[0 1],[0.13430059 0.8656994 ]
[1 0],[0.8677642  0.13223577]
[0 1],[0.13396302 0.86603695]
[1 0],[0.86766833 0.1323317 ]
[0 1],[0.1343172 0.8656828]
[1 0],[0.86758184 0.13241817]
[0 1],[0.1362157  0.86378425]
[0 1],[0.13446367 0.8655363 ]
[0 1],[0.13515663 0.86484337]
[1 0],[0.859245   0.14075504]
[1 0],[0.8681015  0.13189854]
[0 1],[0.13429542 0.8657046 ]
[1 0],[0.86796415 0.13203585]
[0 1],[0.13500124 0.8649987 ]
[0 1],[0.13596152 0.8640385 ]
[0 1],[0.13431041 0.8656896 ]
[1 0],[0.86805874 0.13194126]
[0 1],[0.13503665 0.8649633 ]
[0 1],[0.13517176 0.8648282 ]
[1 0],[0.86065006 0.13934992]
[0 1],[0.13449714 0.8655029 ]
[1 0],[0.86643636 0.13356361]
[0 1],[0.13513279 0.8648672 ]
[0 1],[0.13768145 0.8623185 ]
[0 1],[0.13407415 0.86592585]
[1 0],[0.86791307 0.13208696]
[0 1],[0.1343881 0.8656119]
[1 0],[0.86776185 0.13223813]
[0 1],[0.13453896 0.8654611 ]
[1 0],[0.8680196 0.1319804]
[1 0],[0.86784995 0.13215005]
[0 1],[0.13466395 0.8653361 ]
[1 0],[0.789643   0.21035707]
[0 1],[0.13393798 0.8660621 ]
[1 0],[0.867968   0.13203202]
[0 1],[0.13430047 0.8656996 ]
[1 0],[0.8675204  0.13247962]
[0 1],[0.13446654 0.8655334 ]
[1 0],[0.85992146 0.14007856]
[1 0],[0.850746   0.14925401]
[1 0],[0.86586267 0.13413739]
[1 0],[0.8551634  0.14483665]
[0 1],[0.13506873 0.8649313 ]
[1 0],[0.8680708  0.13192923]
[0 1],[0.13599718 0.8640028 ]
[1 0],[0.8679049  0.13209514]
[0 1],[0.13496163 0.86503834]
[1 0],[0.86213714 0.13786286]
[0 1],[0.1364419  0.86355805]
[0 1],[0.134369 0.865631]
[1 0],[0.86326617 0.13673384]
[0 1],[0.13512939 0.86487055]
[0 1],[0.14808641 0.8519136 ]
[1 0],[0.86087507 0.13912494]
[1 0],[0.8446624 0.1553376]
[0 1],[0.13563366 0.86436635]
[0 1],[0.1342285 0.8657715]
[0 1],[0.14122102 0.85877895]
[0 1],[0.13428491 0.8657151 ]
[1 0],[0.86800206 0.1319979 ]
[1 0],[0.8681386  0.13186143]
[0 1],[0.13448305 0.865517  ]
[1 0],[0.868058   0.13194197]
[1 0],[0.8507485  0.14925154]
[0 1],[0.13417666 0.8658233 ]
[1 0],[0.8678721  0.13212791]
[1 0],[0.8593738  0.14062624]
[0 1],[0.1347161 0.8652839]
[1 0],[0.8629707 0.1370293]
[0 1],[0.14366323 0.8563368 ]
[0 1],[0.13732377 0.8626762 ]
[1 0],[0.8415111  0.15848897]
[0 1],[0.13422129 0.86577874]
[1 0],[0.8673103  0.13268965]
[0 1],[0.1358189  0.86418116]
[1 0],[0.76583934 0.23416068]
[0 1],[0.13451898 0.865481  ]
[0 1],[0.1340045  0.86599547]
[1 0],[0.8652732  0.13472687]
[0 1],[0.13635896 0.8636411 ]
[1 0],[0.86775064 0.13224931]
[0 1],[0.13485776 0.8651423 ]
[1 0],[0.86521184 0.13478813]
[0 1],[0.13454536 0.8654547 ]
[1 0],[0.86775917 0.13224086]
[1 0],[0.84235114 0.1576488 ]
[0 1],[0.13754004 0.86245996]
[1 0],[0.8640202 0.1359798]
[0 1],[0.1341116  0.86588836]
[1 0],[0.8620377  0.13796231]
[0 1],[0.13751373 0.8624863 ]
[0 1],[0.13872473 0.8612753 ]
[1 0],[0.861655   0.13834497]
[0 1],[0.1362617 0.8637383]
[1 0],[0.8353348 0.1646652]
[0 1],[0.1763403  0.82365966]
[1 0],[0.8677929  0.13220707]
[0 1],[0.1339887 0.8660113]
[1 0],[0.8607227  0.13927725]
[1 0],[0.8678804  0.13211963]
[0 1],[0.13700941 0.86299056]
[1 0],[0.8603865  0.13961352]
[1 0],[0.8637434  0.13625656]
[0 1],[0.13722894 0.86277103]
[1 0],[0.8565463  0.14345373]
[1 0],[0.8680221  0.13197793]
[0 1],[0.13629556 0.8637044 ]
[0 1],[0.13430496 0.8656951 ]
[1 0],[0.8677104  0.13228956]
[1 0],[0.8678369 0.1321631]
[0 1],[0.13967782 0.86032224]
[1 0],[0.86798996 0.13201007]
[0 1],[0.1339643 0.8660357]
[0 1],[0.13507918 0.86492085]
[1 0],[0.86800504 0.13199502]
[0 1],[0.1357563  0.86424375]
[0 1],[0.13799855 0.8620015 ]
[1 0],[0.8649635 0.1350365]
[1 0],[0.8677081  0.13229187]
[1 0],[0.84460324 0.15539679]
[1 0],[0.8680107  0.13198934]
[0 1],[0.1916502 0.8083498]
[1 0],[0.84312344 0.1568765 ]
[1 0],[0.86417276 0.1358272 ]
[0 1],[0.1360474 0.8639526]
[1 0],[0.86802053 0.13197938]
[1 0],[0.8680632  0.13193679]
[0 1],[0.13691655 0.8630834 ]
[1 0],[0.8680247  0.13197528]
[0 1],[0.13444813 0.8655518 ]
[0 1],[0.13511817 0.8648818 ]
[1 0],[0.8679397  0.13206027]
[0 1],[0.13704047 0.86295956]
[1 0],[0.8676002  0.13239972]
[0 1],[0.13510245 0.8648975 ]
[0 1],[0.1340765 0.8659235]
[1 0],[0.861659   0.13834102]
[1 0],[0.13602293 0.863977  ]
[0 1],[0.13505213 0.8649479 ]
[1 0],[0.8680123  0.13198766]
[0 1],[0.1342878 0.8657122]
[0 1],[0.13420081 0.8657992 ]
[1 0],[0.86769646 0.13230352]
[0 1],[0.13474673 0.86525327]
[1 0],[0.8401324 0.1598676]
[0 1],[0.13397868 0.86602134]
[1 0],[0.8677355  0.13226452]
[0 1],[0.13631204 0.86368793]
[1 0],[0.8679694  0.13203068]
[0 1],[0.13692819 0.86307186]
[1 0],[0.8677442  0.13225576]
[1 0],[0.86783844 0.1321615 ]
[1 0],[0.86804724 0.13195272]
[0 1],[0.13444163 0.86555845]
[0 1],[0.13474862 0.8652514 ]
[0 1],[0.86089224 0.1391078 ]
[1 0],[0.8634232  0.13657683]
[0 1],[0.13470773 0.86529225]
[1 0],[0.77146214 0.22853787]
[1 0],[0.86811715 0.13188283]
[1 0],[0.8629384  0.13706157]
[0 1],[0.13456969 0.8654303 ]
[1 0],[0.8366386  0.16336143]
[1 0],[0.86531013 0.13468988]
[0 1],[0.13430907 0.865691  ]
[0 1],[0.13453405 0.86546594]
[0 1],[0.13434269 0.8656573 ]
[1 0],[0.7790925 0.2209075]
[0 1],[0.13864696 0.86135304]
[1 0],[0.8680017 0.1319983]
[0 1],[0.13414326 0.86585677]
[1 0],[0.8680007 0.1319993]
[0 1],[0.1341978 0.8658021]
[0 1],[0.1343853 0.8656147]
[1 0],[0.86803913 0.13196081]
[0 1],[0.13405088 0.86594915]
[1 0],[0.86526775 0.13473229]
[1 0],[0.86403435 0.13596562]
[0 1],[0.13469194 0.86530805]
[1 0],[0.8675714 0.1324286]
[0 1],[0.1342629 0.8657371]
[1 0],[0.8677405  0.13225949]
[0 1],[0.1348726  0.86512744]
[1 0],[0.8679329  0.13206705]
[0 1],[0.14895545 0.85104454]
[1 0],[0.86780506 0.13219492]
[1 0],[0.86774313 0.13225694]
[0 1],[0.13722284 0.8627772 ]
[1 0],[0.8628495 0.1371505]
[0 1],[0.13784784 0.86215216]
[1 0],[0.86374915 0.1362509 ]
[0 1],[0.13579473 0.86420524]
[1 0],[0.8675648  0.13243517]
[1 0],[0.8678198  0.13218024]
[0 1],[0.13530369 0.86469626]
[0 1],[0.13530275 0.8646973 ]
[1 0],[0.8652775  0.13472243]
[1 0],[0.8678071  0.13219287]
[0 1],[0.13397793 0.86602205]
[1 0],[0.86551654 0.13448349]
[0 1],[0.13524483 0.8647552 ]
[1 0],[0.8652795  0.13472049]
[1 0],[0.86675024 0.13324976]
[0 1],[0.13683827 0.86316174]
[1 0],[0.8563925  0.14360742]
[0 1],[0.13524342 0.8647565 ]
[0 1],[0.13423403 0.8657659 ]
[0 1],[0.13406421 0.86593574]
[1 0],[0.8526092 0.1473908]
[0 1],[0.1339435  0.86605656]
[0 1],[0.13529305 0.864707  ]
[1 0],[0.8659294  0.13407058]
[0 1],[0.13451768 0.86548233]
[1 0],[0.8680159  0.13198408]
[0 1],[0.13410717 0.8658928 ]
[0 1],[0.86646813 0.13353184]
[1 0],[0.8679907  0.13200933]
[1 0],[0.6686968  0.33130315]
[0 1],[0.13715428 0.86284566]
[0 1],[0.14037603 0.85962397]
[0 1],[0.13573861 0.86426145]
[1 0],[0.86807185 0.13192818]
[0 1],[0.14415985 0.85584015]
[1 0],[0.8664181  0.13358195]
[0 1],[0.13475274 0.8652473 ]
[1 0],[0.8597885  0.14021152]
[0 1],[0.13430499 0.865695  ]
[0 1],[0.13416709 0.86583287]
[1 0],[0.83982056 0.1601795 ]
[0 1],[0.13566354 0.86433643]
[1 0],[0.86291623 0.13708374]
[0 1],[0.13428026 0.86571974]
[0 1],[0.14474748 0.8552525 ]
[0 1],[0.1352544  0.86474556]
[1 0],[0.86797905 0.1320209 ]
[0 1],[0.13418417 0.8658158 ]
[0 1],[0.1349202 0.8650798]
[1 0],[0.86781734 0.13218267]
[0 1],[0.13420704 0.86579293]
[1 0],[0.8678519  0.13214812]
[1 0],[0.867962   0.13203795]
[0 1],[0.13797262 0.86202735]
[1 0],[0.8502973  0.14970271]
[0 1],[0.13538289 0.86461705]
[0 1],[0.13416359 0.86583644]
[1 0],[0.86804867 0.13195135]
[0 1],[0.13405366 0.8659464 ]
[1 0],[0.8680205  0.13197955]
[0 1],[0.13434206 0.8656579 ]
[1 0],[0.8457919  0.15420814]
[1 0],[0.83989656 0.16010341]
[1 0],[0.8669835  0.13301654]
[0 1],[0.14285147 0.85714847]
[1 0],[0.86780316 0.13219687]
[1 0],[0.8627711 0.1372289]
[0 1],[0.1360133  0.86398673]
[1 0],[0.8674382  0.13256182]
[0 1],[0.13406006 0.86594   ]
[1 0],[0.8473136  0.15268645]
[1 0],[0.867826   0.13217407]
[1 0],[0.8645757  0.13542427]
[1 0],[0.8678071  0.13219292]
[0 1],[0.13619727 0.86380273]
[1 0],[0.8679507  0.13204932]
[0 1],[0.13542941 0.8645706 ]
[1 0],[0.8613482  0.13865176]
[0 1],[0.1423217  0.85767823]
[0 1],[0.13787623 0.86212385]
[1 0],[0.8529229  0.14707702]
[0 1],[0.13430648 0.8656935 ]
[0 1],[0.13455641 0.8654436 ]
[1 0],[0.86296284 0.13703717]
[0 1],[0.1345864 0.8654136]
[1 0],[0.86778307 0.13221692]
[0 1],[0.13779336 0.8622067 ]
[0 1],[0.13473168 0.8652683 ]
[0 1],[0.13502678 0.8649732 ]
[1 0],[0.850614   0.14938603]
[0 1],[0.13720025 0.8627997 ]
[1 0],[0.8677315  0.13226843]
[0 1],[0.13720922 0.8627908 ]
[1 0],[0.8621894  0.13781062]
[0 1],[0.13623042 0.8637696 ]
[1 0],[0.8680545  0.13194549]
[0 1],[0.13819748 0.8618025 ]
[0 1],[0.1358479  0.86415213]
[1 0],[0.8676783  0.13232173]
[0 1],[0.1352207 0.8647793]
[1 0],[0.8679748  0.13202518]
[0 1],[0.8400854  0.15991458]
[1 0],[0.8636299  0.13637012]
[1 0],[0.8679622  0.13203785]
[0 1],[0.13708061 0.86291933]
[1 0],[0.7202224  0.27977765]
[0 1],[0.13459083 0.86540914]
[1 0],[0.14136246 0.8586375 ]
[1 0],[0.8636382  0.13636176]
[1 0],[0.8675453  0.13245471]
[0 1],[0.13486011 0.86513984]
[1 0],[0.86799335 0.13200666]
[0 1],[0.13478152 0.86521846]
[1 0],[0.8665682  0.13343185]
[1 0],[0.865317   0.13468303]
[0 1],[0.13972078 0.86027914]
[0 1],[0.13436307 0.86563694]
[1 0],[0.8641011  0.13589889]
[0 1],[0.1346701  0.86532986]
[0 1],[0.13474005 0.86525995]
[0 1],[0.13420041 0.86579967]
[0 1],[0.13455592 0.8654441 ]
[1 0],[0.8679328  0.13206719]
[1 0],[0.86740285 0.13259709]
[0 1],[0.13430761 0.86569244]
[1 0],[0.86354035 0.13645968]
[0 1],[0.13426752 0.86573243]
[0 1],[0.13433161 0.86566836]
[1 0],[0.85998565 0.1400144 ]
[0 1],[0.17292178 0.8270782 ]
[0 1],[0.13951434 0.8604857 ]
[1 0],[0.86804014 0.13195981]
[0 1],[0.13513598 0.864864  ]
[1 0],[0.86775666 0.13224335]
[0 1],[0.1344185  0.86558145]
[1 0],[0.8632003  0.13679966]
[0 1],[0.1362292 0.8637707]
[0 1],[0.13440518 0.8655948 ]
[1 0],[0.86802    0.13197993]
[0 1],[0.14910263 0.85089743]
[0 1],[0.13405254 0.8659475 ]
[1 0],[0.853086   0.14691398]
[0 1],[0.1354234 0.8645766]
[1 0],[0.8654875  0.13451251]
[0 1],[0.1345356 0.8654644]
[1 0],[0.86788344 0.13211656]
[0 1],[0.13869835 0.86130166]
[1 0],[0.8350801  0.16491999]
[0 1],[0.13555071 0.86444926]
[1 0],[0.8675795  0.13242052]
[1 0],[0.8603617  0.13963833]
[1 0],[0.86777204 0.13222797]
[0 1],[0.13470586 0.86529416]
[0 1],[0.13432683 0.8656731 ]
[1 0],[0.8548535  0.14514649]
[0 1],[0.13455912 0.8654409 ]
[1 0],[0.8679679  0.13203205]
[0 1],[0.13412572 0.86587423]
