[1 0],[0.87821114 0.12178884]
[0 1],[0.12183183 0.8781681 ]
[0 1],[0.12183192 0.87816805]
[0 1],[0.12183175 0.8781682 ]
[1 0],[0.87821114 0.12178889]
[1 0],[0.87821096 0.12178908]
[0 1],[0.12183179 0.8781682 ]
[0 1],[0.12183174 0.8781682 ]
[0 1],[0.12183186 0.8781681 ]
[0 1],[0.12183176 0.8781682 ]
[0 1],[0.12183188 0.8781681 ]
[1 0],[0.87821114 0.12178884]
[0 1],[0.12183183 0.8781681 ]
[1 0],[0.87821114 0.12178884]
[0 1],[0.12183185 0.8781681 ]
[1 0],[0.87821114 0.12178884]
[0 1],[0.12183174 0.87816834]
[1 0],[0.87821114 0.12178889]
[1 0],[0.87821114 0.12178887]
[1 0],[0.87821114 0.12178884]
[1 0],[0.87821114 0.12178884]
[0 1],[0.1218318 0.8781682]
[0 1],[0.12183196 0.87816805]
[1 0],[0.87821114 0.12178887]
[0 1],[0.12183179 0.8781682 ]
[1 0],[0.87821114 0.12178884]
[0 1],[0.12183186 0.8781681 ]
[0 1],[0.12183176 0.8781682 ]
[1 0],[0.87821114 0.12178884]
[0 1],[0.121832   0.87816805]
[0 1],[0.12183181 0.8781682 ]
[0 1],[0.12183179 0.8781682 ]
[1 0],[0.87821114 0.12178884]
[1 0],[0.87821114 0.12178887]
[1 0],[0.8782111  0.12178895]
[0 1],[0.12183224 0.87816775]
[0 1],[0.12183192 0.8781681 ]
[1 0],[0.87821114 0.12178881]
[0 1],[0.12183176 0.8781682 ]
[1 0],[0.87821114 0.12178888]
[1 0],[0.8782111  0.12178895]
[0 1],[0.12183284 0.8781672 ]
[0 1],[0.12183202 0.8781679 ]
[0 1],[0.12183222 0.87816775]
[1 0],[0.87821114 0.12178889]
[1 0],[0.87821096 0.12178897]
[0 1],[0.12183174 0.8781682 ]
[1 0],[0.87821114 0.12178884]
[1 0],[0.8782111  0.12178892]
[0 1],[0.12183175 0.8781682 ]
[0 1],[0.12183218 0.87816775]
[0 1],[0.12183207 0.8781679 ]
[1 0],[0.87821114 0.12178884]
[1 0],[0.87821114 0.12178884]
[1 0],[0.87821114 0.12178887]
[1 0],[0.8782109  0.12178916]
[1 0],[0.8782111  0.12178892]
[1 0],[0.87821114 0.12178884]
[1 0],[0.8782111  0.12178892]
[1 0],[0.87821114 0.12178888]
[1 0],[0.87821114 0.12178881]
[1 0],[0.87821114 0.12178887]
[0 1],[0.12183189 0.8781681 ]
[0 1],[0.12183174 0.8781682 ]
[0 1],[0.12183215 0.87816787]
[0 1],[0.12183174 0.8781682 ]
[1 0],[0.87821114 0.12178889]
[1 0],[0.87821114 0.12178884]
[0 1],[0.12183174 0.8781682 ]
[1 0],[0.87821114 0.12178884]
[0 1],[0.12183176 0.8781682 ]
[0 1],[0.12183176 0.8781682 ]
[0 1],[0.12183189 0.8781681 ]
[1 0],[0.87821114 0.12178884]
[1 0],[0.87821114 0.12178887]
[0 1],[0.12183186 0.8781681 ]
[0 1],[0.12183179 0.8781682 ]
[0 1],[0.12183176 0.8781682 ]
[0 1],[0.12183193 0.87816805]
[1 0],[0.87821114 0.12178884]
[0 1],[0.12183174 0.8781682 ]
[1 0],[0.8782111  0.12178897]
[0 1],[0.12183174 0.8781682 ]
[0 1],[0.12183175 0.8781682 ]
[0 1],[0.12183236 0.87816757]
[1 0],[0.8782109  0.12178909]
[1 0],[0.8782111  0.12178895]
[1 0],[0.87821114 0.12178884]
[1 0],[0.8782111  0.12178892]
[0 1],[0.12183176 0.8781682 ]
[0 1],[0.12183193 0.87816805]
[0 1],[0.121832   0.87816805]
[0 1],[0.12183176 0.8781682 ]
[1 0],[0.87821114 0.12178885]
[1 0],[0.87821114 0.12178884]
[1 0],[0.87821114 0.12178881]
[1 0],[0.87821114 0.12178884]
[0 1],[0.12183303 0.8781669 ]
[0 1],[0.1218318 0.8781682]
[0 1],[0.12183176 0.8781682 ]
[1 0],[0.87821114 0.12178887]
[0 1],[0.12183179 0.8781682 ]
[0 1],[0.12183174 0.8781682 ]
[1 0],[0.87821114 0.12178885]
[1 0],[0.87821114 0.12178884]
[1 0],[0.87821114 0.12178884]
[0 1],[0.12183189 0.8781681 ]
[1 0],[0.87821114 0.12178887]
[1 0],[0.8782109  0.12178908]
[1 0],[0.87821114 0.12178881]
[0 1],[0.12183176 0.8781682 ]
[0 1],[0.12183204 0.8781679 ]
[1 0],[0.8782111 0.1217889]
[0 1],[0.12183183 0.8781681 ]
[0 1],[0.12183174 0.8781682 ]
[1 0],[0.87821114 0.12178881]
[1 0],[0.87821114 0.12178884]
[1 0],[0.87821096 0.12178904]
[1 0],[0.87821114 0.12178884]
[0 1],[0.12183276 0.8781672 ]
[0 1],[0.12183188 0.8781681 ]
[0 1],[0.12183222 0.87816775]
[1 0],[0.8782111  0.12178892]
[1 0],[0.87821114 0.12178884]
[1 0],[0.87821114 0.12178889]
[1 0],[0.87821114 0.12178884]
[0 1],[0.12183233 0.8781677 ]
[1 0],[0.8782111  0.12178895]
[1 0],[0.87821114 0.12178884]
[0 1],[0.12183246 0.87816757]
[0 1],[0.12183189 0.8781681 ]
[1 0],[0.87821114 0.12178885]
[0 1],[0.12183186 0.8781681 ]
[0 1],[0.12183198 0.87816805]
[0 1],[0.1218317  0.87816834]
[1 0],[0.87821114 0.12178884]
[0 1],[0.12183198 0.87816805]
[0 1],[0.12183196 0.87816805]
[1 0],[0.8782109  0.12178909]
[0 1],[0.12183243 0.87816757]
[1 0],[0.87821114 0.12178881]
[1 0],[0.8782111  0.12178892]
[1 0],[0.8782059  0.12179405]
[1 0],[0.87821096 0.12178899]
[0 1],[0.12183222 0.87816775]
[0 1],[0.12183396 0.878166  ]
[1 0],[0.87821096 0.12178906]
[1 0],[0.87821114 0.12178881]
[0 1],[0.12183174 0.8781682 ]
[0 1],[0.12183181 0.8781682 ]
[0 1],[0.12183198 0.87816805]
[0 1],[0.12183196 0.87816805]
[1 0],[0.8782111 0.1217889]
[0 1],[0.12183174 0.8781682 ]
[1 0],[0.87821114 0.12178889]
[1 0],[0.8782111  0.12178893]
[0 1],[0.12183174 0.8781682 ]
[1 0],[0.8782106  0.12178937]
[0 1],[0.12183198 0.87816805]
[0 1],[0.1218319 0.8781681]
[0 1],[0.12183174 0.8781682 ]
[1 0],[0.87821114 0.12178889]
[0 1],[0.12183175 0.8781682 ]
[1 0],[0.87821096 0.12178908]
[0 1],[0.12183186 0.8781681 ]
[0 1],[0.12183174 0.8781682 ]
[0 1],[0.12183174 0.8781682 ]
[1 0],[0.8782093  0.12179073]
[0 1],[0.12183193 0.87816805]
[0 1],[0.12183174 0.8781682 ]
[1 0],[0.87821114 0.12178884]
[1 0],[0.87821114 0.12178887]
[1 0],[0.8782111  0.12178892]
[1 0],[0.8782111  0.12178893]
[0 1],[0.12183193 0.87816805]
[1 0],[0.87821114 0.12178884]
[1 0],[0.87821114 0.12178889]
[1 0],[0.87821114 0.12178884]
[1 0],[0.8782104  0.12178952]
[0 1],[0.12183176 0.8781682 ]
[1 0],[0.87821114 0.12178884]
[1 0],[0.87821114 0.12178884]
[1 0],[0.8782111  0.12178895]
[1 0],[0.8782104  0.12178957]
[0 1],[0.12183181 0.8781682 ]
[1 0],[0.87821114 0.12178884]
[0 1],[0.12183204 0.8781679 ]
[0 1],[0.121832   0.87816805]
[1 0],[0.87821114 0.12178884]
[0 1],[0.12183179 0.8781682 ]
[0 1],[0.12183222 0.87816775]
[1 0],[0.8782111  0.12178895]
[0 1],[0.12183175 0.8781682 ]
[1 0],[0.8782111  0.12178892]
[1 0],[0.87821114 0.12178887]
[1 0],[0.8782111  0.12178897]
[0 1],[0.12183176 0.8781682 ]
[1 0],[0.87821096 0.12178899]
[1 0],[0.87821114 0.12178888]
[0 1],[0.12183174 0.8781682 ]
[0 1],[0.12183179 0.8781682 ]
[1 0],[0.8782111  0.12178895]
[1 0],[0.8782023  0.12179761]
[0 1],[0.12183176 0.8781682 ]
[0 1],[0.12183181 0.8781682 ]
[0 1],[0.12183179 0.8781682 ]
[0 1],[0.12183174 0.8781682 ]
[1 0],[0.87821114 0.12178887]
[0 1],[0.12183174 0.8781682 ]
[0 1],[0.12183189 0.8781681 ]
[0 1],[0.12183192 0.8781681 ]
[1 0],[0.8782111  0.12178896]
[1 0],[0.87821114 0.12178889]
[1 0],[0.87821114 0.12178889]
[1 0],[0.87821114 0.12178881]
[0 1],[0.12183173 0.87816834]
[1 0],[0.87821114 0.12178889]
[0 1],[0.12183183 0.8781681 ]
[1 0],[0.87821114 0.12178884]
[0 1],[0.12183193 0.87816805]
[1 0],[0.8782111  0.12178896]
[1 0],[0.8782111  0.12178895]
[1 0],[0.87821114 0.12178884]
[1 0],[0.87821096 0.12178899]
[0 1],[0.12183189 0.8781681 ]
[1 0],[0.87821114 0.12178881]
[0 1],[0.12183175 0.8781682 ]
[0 1],[0.12183177 0.8781682 ]
[1 0],[0.87821114 0.12178887]
[1 0],[0.87821114 0.12178889]
[1 0],[0.87821114 0.12178884]
[1 0],[0.8782111  0.12178895]
[1 0],[0.87821114 0.12178884]
[0 1],[0.12183176 0.8781682 ]
[0 1],[0.12183183 0.8781681 ]
[1 0],[0.8782103  0.12178963]
[0 1],[0.12183175 0.8781682 ]
[0 1],[0.12183177 0.8781682 ]
[0 1],[0.12183259 0.8781674 ]
[1 0],[0.87821114 0.12178884]
[0 1],[0.12183189 0.8781681 ]
[1 0],[0.87821096 0.12178901]
[0 1],[0.12183177 0.8781682 ]
[0 1],[0.12183174 0.8781682 ]
[1 0],[0.87821114 0.12178884]
[0 1],[0.12183193 0.87816805]
[0 1],[0.12183205 0.8781679 ]
[1 0],[0.87821114 0.12178885]
[0 1],[0.12183174 0.8781682 ]
[0 1],[0.12183276 0.8781672 ]
[0 1],[0.12183175 0.8781682 ]
[1 0],[0.87821114 0.12178881]
[1 0],[0.8782111  0.12178892]
[0 1],[0.12183173 0.87816834]
[1 0],[0.87821114 0.12178889]
[1 0],[0.87821114 0.12178889]
[1 0],[0.87821114 0.12178887]
[1 0],[0.87821114 0.12178884]
[1 0],[0.87821114 0.12178881]
[0 1],[0.12183176 0.8781682 ]
[1 0],[0.87821114 0.12178881]
[0 1],[0.12183192 0.8781681 ]
[0 1],[0.12183175 0.8781682 ]
[1 0],[0.8782111  0.12178892]
[1 0],[0.87821114 0.12178887]
[1 0],[0.8782111  0.12178895]
[1 0],[0.87821114 0.12178884]
[0 1],[0.12183183 0.8781681 ]
[1 0],[0.8782111  0.12178896]
[1 0],[0.87821114 0.12178881]
[0 1],[0.12183179 0.8781682 ]
[0 1],[0.12183198 0.87816805]
[0 1],[0.12183192 0.87816805]
[1 0],[0.87821096 0.12178905]
[1 0],[0.87821114 0.12178884]
[0 1],[0.12183317 0.87816685]
[1 0],[0.87821096 0.12178897]
[0 1],[0.12183263 0.8781674 ]
[1 0],[0.87821096 0.12178897]
[0 1],[0.12183176 0.8781682 ]
[0 1],[0.12183173 0.87816834]
[0 1],[0.12183192 0.8781681 ]
[0 1],[0.12183209 0.8781679 ]
[0 1],[0.12183202 0.8781679 ]
[0 1],[0.12183176 0.8781682 ]
[1 0],[0.8782111  0.12178895]
[0 1],[0.12183193 0.87816805]
[0 1],[0.12183175 0.8781682 ]
[0 1],[0.12183201 0.8781679 ]
[0 1],[0.12183183 0.8781681 ]
[0 1],[0.12183221 0.87816775]
[1 0],[0.87821114 0.12178881]
[1 0],[0.87821114 0.12178887]
[1 0],[0.8782111  0.12178893]
[1 0],[0.87821096 0.12178905]
[0 1],[0.12183179 0.8781682 ]
[1 0],[0.87821114 0.12178884]
[1 0],[0.87821114 0.12178881]
[1 0],[0.8782111  0.12178895]
[0 1],[0.12183193 0.87816805]
[1 0],[0.87821114 0.12178889]
[0 1],[0.12183186 0.8781681 ]
[1 0],[0.87821114 0.12178884]
[0 1],[0.12183183 0.8781681 ]
[0 1],[0.12183176 0.8781682 ]
[0 1],[0.12183193 0.87816805]
[1 0],[0.8782106  0.12178937]
[1 0],[0.8782111  0.12178896]
[1 0],[0.87821114 0.12178887]
[1 0],[0.87821114 0.12178887]
[1 0],[0.87821114 0.12178884]
[1 0],[0.87821114 0.12178881]
[0 1],[0.12183176 0.8781682 ]
[1 0],[0.8782111  0.12178895]
[0 1],[0.1218318 0.8781682]
[1 0],[0.87821114 0.12178888]
[0 1],[0.12183176 0.8781682 ]
[1 0],[0.87821096 0.12178908]
[0 1],[0.12183183 0.8781681 ]
[1 0],[0.87821114 0.12178887]
[0 1],[0.12183183 0.8781681 ]
[0 1],[0.12183183 0.8781681 ]
[1 0],[0.87821096 0.12178905]
[0 1],[0.12183204 0.8781679 ]
[0 1],[0.12183212 0.87816787]
[1 0],[0.87821096 0.12178901]
[1 0],[0.87821114 0.12178885]
[1 0],[0.8782111  0.12178896]
[1 0],[0.87821114 0.12178881]
[1 0],[0.8782111  0.12178897]
[0 1],[0.12183236 0.87816757]
[0 1],[0.12183175 0.8781682 ]
[0 1],[0.12183186 0.8781681 ]
[1 0],[0.87821114 0.12178881]
[0 1],[0.12183174 0.8781682 ]
[1 0],[0.87821114 0.12178884]
[0 1],[0.1218318 0.8781682]
[0 1],[0.12183176 0.8781682 ]
[0 1],[0.12183189 0.8781681 ]
[1 0],[0.87821114 0.12178881]
[1 0],[0.87821114 0.12178884]
[1 0],[0.87821114 0.12178889]
[1 0],[0.87821114 0.12178884]
[1 0],[0.87821114 0.12178884]
[0 1],[0.12183177 0.8781682 ]
[0 1],[0.12183618 0.8781638 ]
[0 1],[0.12183175 0.8781682 ]
[1 0],[0.8782111  0.12178896]
[1 0],[0.87821114 0.12178885]
[1 0],[0.87821114 0.12178884]
[1 0],[0.8782111  0.12178896]
[0 1],[0.12183174 0.8781682 ]
[1 0],[0.8782097  0.12179036]
[0 1],[0.12183198 0.87816805]
[0 1],[0.12183174 0.87816834]
[1 0],[0.8782111  0.12178897]
[0 1],[0.12183179 0.8781682 ]
[0 1],[0.12183174 0.8781682 ]
[1 0],[0.87821114 0.12178884]
[0 1],[0.12183174 0.87816834]
[1 0],[0.87821114 0.12178884]
[0 1],[0.12183176 0.8781682 ]
[1 0],[0.87821096 0.12178905]
[1 0],[0.87821096 0.12178901]
[1 0],[0.8782099  0.12179009]
[0 1],[0.12183188 0.8781681 ]
[0 1],[0.12183189 0.8781681 ]
[1 0],[0.87821114 0.12178884]
[1 0],[0.8782111  0.12178893]
[0 1],[0.12183227 0.87816775]
[0 1],[0.12183185 0.8781681 ]
[0 1],[0.12183176 0.8781682 ]
[1 0],[0.87821114 0.12178884]
[0 1],[0.12183181 0.8781682 ]
[0 1],[0.12183193 0.87816805]
[0 1],[0.12186643 0.8781336 ]
[1 0],[0.8782111  0.12178897]
[0 1],[0.12183189 0.8781681 ]
[0 1],[0.12183176 0.8781682 ]
[0 1],[0.1218319 0.8781681]
[1 0],[0.87821096 0.12178899]
[0 1],[0.12183174 0.87816834]
[0 1],[0.12183183 0.8781681 ]
[1 0],[0.87821114 0.12178889]
[0 1],[0.12183177 0.8781682 ]
[1 0],[0.87821114 0.12178884]
[1 0],[0.87821096 0.12178899]
[1 0],[0.87821114 0.12178888]
[0 1],[0.12183174 0.8781682 ]
[1 0],[0.87821114 0.12178884]
[0 1],[0.12183176 0.8781682 ]
[1 0],[0.87821096 0.12178901]
[0 1],[0.12183177 0.8781682 ]
[1 0],[0.87821114 0.12178884]
[0 1],[0.12183176 0.8781682 ]
[1 0],[0.87821114 0.12178884]
[0 1],[0.12183175 0.8781682 ]
[0 1],[0.12183176 0.8781682 ]
[0 1],[0.12183204 0.8781679 ]
[1 0],[0.87821096 0.12178901]
[1 0],[0.87821096 0.12178905]
[1 0],[0.87821114 0.12178888]
[0 1],[0.12183174 0.8781682 ]
[0 1],[0.12183181 0.8781682 ]
[0 1],[0.12183186 0.8781681 ]
[0 1],[0.12183176 0.8781682 ]
[0 1],[0.12183175 0.8781682 ]
[1 0],[0.87821114 0.12178884]
[0 1],[0.12183174 0.8781682 ]
[1 0],[0.87821114 0.12178885]
[0 1],[0.12183204 0.8781679 ]
[0 1],[0.12183198 0.87816805]
[1 0],[0.87821114 0.12178884]
[1 0],[0.87821096 0.12178897]
[0 1],[0.12183173 0.87816834]
[0 1],[0.12183174 0.87816834]
[1 0],[0.87821114 0.12178884]
[1 0],[0.87821114 0.12178889]
[1 0],[0.87821114 0.12178887]
[1 0],[0.87821096 0.12178897]
[0 1],[0.12183265 0.8781674 ]
[1 0],[0.8782111  0.12178895]
[1 0],[0.87821114 0.12178888]
[1 0],[0.87821114 0.12178884]
[0 1],[0.12183193 0.87816805]
[0 1],[0.12183179 0.8781682 ]
[1 0],[0.87821114 0.12178881]
[1 0],[0.8782111  0.12178892]
[0 1],[0.12183779 0.87816226]
[0 1],[0.12183176 0.8781682 ]
[0 1],[0.12183183 0.8781681 ]
[1 0],[0.87821114 0.12178889]
[1 0],[0.87821096 0.12178899]
[1 0],[0.8781757  0.12182437]
[1 0],[0.87821114 0.12178884]
[0 1],[0.12183189 0.8781681 ]
[0 1],[0.12183174 0.8781682 ]
[1 0],[0.87821114 0.12178884]
[0 1],[0.12183196 0.87816805]
[1 0],[0.8782107  0.12178931]
[0 1],[0.12183174 0.8781682 ]
[0 1],[0.12183186 0.8781681 ]
[0 1],[0.12183174 0.8781682 ]
[1 0],[0.87821025 0.12178976]
[0 1],[0.12183176 0.8781682 ]
[1 0],[0.87821114 0.12178887]
[1 0],[0.87821114 0.12178884]
[1 0],[0.87821114 0.12178884]
[0 1],[0.12183189 0.8781681 ]
[1 0],[0.87821114 0.12178887]
[1 0],[0.87821114 0.12178887]
[1 0],[0.87821054 0.12178945]
[1 0],[0.87821114 0.12178884]
[1 0],[0.87821114 0.12178889]
[0 1],[0.12183193 0.87816805]
[1 0],[0.87821114 0.12178889]
[0 1],[0.12183221 0.87816775]
[0 1],[0.12183189 0.8781681 ]
[0 1],[0.12183174 0.8781682 ]
[0 1],[0.12183175 0.8781682 ]
[1 0],[0.87821114 0.12178889]
[1 0],[0.87821114 0.12178884]
[1 0],[0.8782106  0.12178945]
[0 1],[0.12183192 0.8781681 ]
[0 1],[0.12183177 0.8781682 ]
[0 1],[0.12183183 0.8781681 ]
[1 0],[0.87821114 0.12178884]
[1 0],[0.87821114 0.12178884]
[0 1],[0.12183175 0.8781682 ]
[0 1],[0.12183193 0.87816805]
[1 0],[0.87821096 0.12178899]
[0 1],[0.12183198 0.87816805]
[1 0],[0.87821114 0.12178885]
[1 0],[0.87821114 0.12178888]
[0 1],[0.12183193 0.87816805]
[1 0],[0.87821114 0.12178884]
[0 1],[0.12183176 0.8781682 ]
[0 1],[0.12183174 0.8781682 ]
[0 1],[0.12183189 0.8781681 ]
[1 0],[0.87821114 0.12178884]
[1 0],[0.87821114 0.12178884]
[1 0],[0.87821096 0.12178904]
[0 1],[0.12183176 0.8781682 ]
[0 1],[0.12183192 0.8781681 ]
[1 0],[0.87821114 0.12178887]
[1 0],[0.8782108  0.12178925]
[0 1],[0.12183229 0.87816775]
[0 1],[0.12183212 0.87816787]
[0 1],[0.12183186 0.8781681 ]
[1 0],[0.8782111 0.1217889]
[0 1],[0.12183173 0.87816834]
[0 1],[0.12183174 0.8781682 ]
[0 1],[0.12183179 0.8781682 ]
[1 0],[0.87821114 0.12178887]
[0 1],[0.12183183 0.8781681 ]
[0 1],[0.12183174 0.8781682 ]
[1 0],[0.87821114 0.12178887]
[0 1],[0.12183204 0.8781679 ]
[1 0],[0.87821114 0.12178885]
[0 1],[0.12183248 0.8781675 ]
[1 0],[0.87821114 0.12178889]
[1 0],[0.87821114 0.12178884]
[1 0],[0.87821007 0.12178993]
[1 0],[0.8782111  0.12178895]
[1 0],[0.87821114 0.12178884]
[1 0],[0.87821114 0.12178884]
[0 1],[0.12183175 0.8781682 ]
[0 1],[0.12183183 0.8781681 ]
[1 0],[0.8782104 0.1217896]
[1 0],[0.87821114 0.12178889]
[1 0],[0.8782111 0.1217889]
[0 1],[0.12183179 0.8781682 ]
[0 1],[0.12183218 0.87816775]
[0 1],[0.12183174 0.87816834]
[1 0],[0.87821114 0.12178887]
[0 1],[0.12183181 0.8781682 ]
[1 0],[0.8782111 0.1217889]
[1 0],[0.87821114 0.12178884]
[1 0],[0.87821114 0.12178885]
[1 0],[0.87821114 0.12178889]
[1 0],[0.8782103  0.12178965]
[1 0],[0.87821114 0.12178888]
[0 1],[0.12183174 0.8781682 ]
[0 1],[0.12183192 0.8781681 ]
[0 1],[0.12183198 0.87816805]
[0 1],[0.12183193 0.87816805]
[1 0],[0.87821114 0.12178884]
[0 1],[0.121832   0.87816805]
[0 1],[0.12183185 0.8781681 ]
[0 1],[0.12183183 0.8781681 ]
[0 1],[0.12183183 0.8781681 ]
[0 1],[0.12183183 0.8781681 ]
[1 0],[0.87821114 0.12178884]
[0 1],[0.12183175 0.8781682 ]
[1 0],[0.87821114 0.12178885]
[1 0],[0.8782106  0.12178943]
[0 1],[0.12183176 0.8781682 ]
[0 1],[0.12183179 0.8781682 ]
[1 0],[0.8782111  0.12178892]
[0 1],[0.121832  0.8781679]
[0 1],[0.12183175 0.8781682 ]
[0 1],[0.12183174 0.8781682 ]
[0 1],[0.12183176 0.8781682 ]
[0 1],[0.12183186 0.8781681 ]
[0 1],[0.1218321 0.8781679]
[0 1],[0.121832   0.87816805]
[1 0],[0.87821096 0.12178905]
[0 1],[0.12183174 0.8781682 ]
[1 0],[0.87821114 0.12178885]
[1 0],[0.87821114 0.12178884]
[0 1],[0.12183215 0.87816787]
[1 0],[0.87821096 0.12178904]
[0 1],[0.12183174 0.87816834]
[0 1],[0.12183179 0.8781682 ]
[1 0],[0.87821114 0.12178885]
[1 0],[0.8782111  0.12178893]
[1 0],[0.87821114 0.12178884]
[0 1],[0.12183176 0.8781682 ]
