[1 0],[0.86376244 0.1362375 ]
[1 0],[0.86374813 0.1362518 ]
[0 1],[0.13980275 0.86019725]
[0 1],[0.14146999 0.85853   ]
[0 1],[0.1395897 0.8604103]
[1 0],[0.86317277 0.13682726]
[0 1],[0.17654034 0.8234596 ]
[0 1],[0.13982804 0.8601719 ]
[0 1],[0.14413354 0.85586643]
[1 0],[0.863762 0.136238]
[0 1],[0.1396738 0.8603262]
[1 0],[0.8440395  0.15596049]
[0 1],[0.13978602 0.860214  ]
[1 0],[0.86376125 0.13623878]
[0 1],[0.14055076 0.85944927]
[1 0],[0.86368394 0.13631609]
[0 1],[0.1408616  0.85913837]
[1 0],[0.86376274 0.13623732]
[0 1],[0.14329472 0.8567053 ]
[1 0],[0.86375654 0.13624352]
[0 1],[0.19077775 0.8092222 ]
[1 0],[0.8048658  0.19513427]
[0 1],[0.14275426 0.85724574]
[1 0],[0.8637614  0.13623865]
[0 1],[0.139861 0.860139]
[1 0],[0.84478    0.15522003]
[1 0],[0.8637598 0.1362402]
[0 1],[0.14721823 0.8527818 ]
[0 1],[0.14807978 0.85192025]
[0 1],[0.15162867 0.84837127]
[0 1],[0.14029776 0.8597022 ]
[1 0],[0.6915075  0.30849245]
[0 1],[0.8469356  0.15306444]
[1 0],[0.8019542  0.19804576]
[0 1],[0.14078325 0.85921675]
[1 0],[0.7855617  0.21443832]
[0 1],[0.14887206 0.8511279 ]
[0 1],[0.13969891 0.8603011 ]
[1 0],[0.8344067  0.16559339]
[0 1],[0.14208451 0.85791546]
[1 0],[0.86376214 0.13623792]
[1 0],[0.82280993 0.17719014]
[0 1],[0.14072521 0.85927474]
[1 0],[0.77445024 0.22554979]
[1 0],[0.86138165 0.13861834]
[0 1],[0.14029817 0.8597019 ]
[1 0],[0.8637364  0.13626361]
[1 0],[0.8636563  0.13634367]
[0 1],[0.14046308 0.85953695]
[1 0],[0.8635883  0.13641179]
[1 0],[0.86375076 0.13624932]
[0 1],[0.14049919 0.85950077]
[1 0],[0.8427609  0.15723905]
[0 1],[0.14056647 0.8594336 ]
[0 1],[0.14043057 0.8595695 ]
[0 1],[0.1412347  0.85876536]
[1 0],[0.84268683 0.15731314]
[0 1],[0.1403851 0.8596149]
[0 1],[0.144734 0.855266]
[1 0],[0.7861555  0.21384443]
[0 1],[0.14269875 0.85730124]
[1 0],[0.8333421  0.16665795]
[0 1],[0.1397246 0.8602754]
[0 1],[0.13965711 0.86034286]
[1 0],[0.86356646 0.13643353]
[0 1],[0.1410873 0.8589127]
[0 1],[0.13961294 0.8603871 ]
[0 1],[0.20753138 0.79246867]
[1 0],[0.28673014 0.7132698 ]
[0 1],[0.22292069 0.7770793 ]
[1 0],[0.17383276 0.8261672 ]
[0 1],[0.14026037 0.85973966]
[1 0],[0.86376166 0.13623828]
[1 0],[0.86310524 0.1368947 ]
[0 1],[0.65930355 0.3406964 ]
[1 0],[0.8637606  0.13623945]
[1 0],[0.78338283 0.2166172 ]
[1 0],[0.8637628  0.13623719]
[0 1],[0.14107329 0.8589267 ]
[1 0],[0.85662174 0.14337829]
[0 1],[0.23679608 0.7632039 ]
[1 0],[0.86221606 0.1377839 ]
[0 1],[0.14550593 0.8544941 ]
[1 0],[0.86366206 0.13633789]
[1 0],[0.86361074 0.13638923]
[0 1],[0.13963175 0.8603683 ]
[1 0],[0.8635041  0.13649596]
[1 0],[0.8319739 0.1680261]
[1 0],[0.7907662  0.20923382]
[0 1],[0.147823 0.852177]
[0 1],[0.15055704 0.849443  ]
[1 0],[0.8613371  0.13866286]
[1 0],[0.86205435 0.13794567]
[0 1],[0.14074665 0.85925335]
[0 1],[0.1410301  0.85896987]
[1 0],[0.8636538 0.1363462]
[1 0],[0.81876135 0.1812387 ]
[0 1],[0.15131436 0.8486856 ]
[1 0],[0.8411429  0.15885706]
[0 1],[0.14412114 0.85587883]
[1 0],[0.8619699 0.1380301]
[0 1],[0.13997863 0.86002135]
[1 0],[0.86376166 0.13623835]
[0 1],[0.14118573 0.8588143 ]
[1 0],[0.8203971  0.17960285]
[0 1],[0.14009288 0.8599071 ]
[1 0],[0.8637152  0.13628484]
[0 1],[0.14254384 0.8574561 ]
[1 0],[0.8621215  0.13787842]
[0 1],[0.13969451 0.8603055 ]
[1 0],[0.8637599  0.13624008]
[1 0],[0.686073 0.313927]
[0 1],[0.22279876 0.77720124]
[1 0],[0.8622729  0.13772707]
[0 1],[0.1464736 0.8535264]
[1 0],[0.8637616  0.13623844]
[0 1],[0.15541314 0.84458685]
[1 0],[0.748601 0.251399]
[0 1],[0.13963498 0.86036503]
[0 1],[0.82157487 0.17842512]
[1 0],[0.7884019  0.21159808]
[0 1],[0.14103103 0.8589689 ]
[1 0],[0.7476753 0.2523247]
[1 0],[0.84798133 0.15201865]
[1 0],[0.86339146 0.13660847]
[0 1],[0.14064647 0.85935354]
[1 0],[0.8634215  0.13657853]
[0 1],[0.13966142 0.86033857]
[1 0],[0.76618254 0.23381738]
[1 0],[0.86375785 0.13624214]
[0 1],[0.1397781 0.8602219]
[0 1],[0.14001033 0.8599897 ]
[1 0],[0.8283829  0.17161714]
[0 1],[0.13996981 0.8600302 ]
[1 0],[0.86354095 0.13645902]
[0 1],[0.14643197 0.853568  ]
[1 0],[0.83281815 0.16718188]
[0 1],[0.13962078 0.8603792 ]
[1 0],[0.8419893  0.15801074]
[0 1],[0.13976017 0.8602398 ]
[1 0],[0.8637628  0.13623713]
[0 1],[0.15112719 0.84887284]
[1 0],[0.86375934 0.13624065]
[0 1],[0.2364011 0.7635989]
[1 0],[0.8626391  0.13736093]
[1 0],[0.86106735 0.13893259]
[0 1],[0.1466269 0.8533731]
[1 0],[0.73535293 0.26464707]
[0 1],[0.14618674 0.8538133 ]
[1 0],[0.8405564 0.1594436]
[0 1],[0.14914505 0.85085493]
[1 0],[0.74646914 0.25353092]
[0 1],[0.14701849 0.8529815 ]
[0 1],[0.1397363 0.8602637]
[1 0],[0.8080893  0.19191067]
[0 1],[0.16233093 0.83766913]
[1 0],[0.8627501  0.13724992]
[0 1],[0.14072149 0.85927856]
[1 0],[0.8346814  0.16531861]
[1 0],[0.86374617 0.13625385]
[0 1],[0.13967218 0.8603279 ]
[1 0],[0.8637143  0.13628575]
[0 1],[0.14156713 0.8584329 ]
[1 0],[0.86312747 0.13687252]
[0 1],[0.14264524 0.8573548 ]
[1 0],[0.8073709  0.19262905]
[0 1],[0.13996273 0.86003727]
[1 0],[0.86376184 0.13623816]
[0 1],[0.145585 0.854415]
[1 0],[0.86335933 0.13664074]
[0 1],[0.14149699 0.858503  ]
[0 1],[0.1397081 0.8602919]
[1 0],[0.86278015 0.13721988]
[0 1],[0.14161853 0.85838145]
[0 1],[0.14159726 0.8584028 ]
[1 0],[0.78187674 0.21812326]
[0 1],[0.13992344 0.86007655]
[1 0],[0.8404596  0.15954037]
[0 1],[0.14018205 0.859818  ]
[0 1],[0.14152119 0.85847884]
[1 0],[0.7042035  0.29579648]
[1 0],[0.86375684 0.13624312]
[0 1],[0.1441936  0.85580647]
[1 0],[0.4377817  0.56221837]
[0 1],[0.14277714 0.85722286]
[1 0],[0.77223784 0.22776212]
[0 1],[0.14256383 0.8574361 ]
[1 0],[0.8430466  0.15695336]
[0 1],[0.14426464 0.85573536]
[1 0],[0.8636391 0.1363609]
[1 0],[0.86351466 0.13648531]
[0 1],[0.13962251 0.8603775 ]
[1 0],[0.86375934 0.13624068]
[0 1],[0.14032798 0.859672  ]
[1 0],[0.8423325  0.15766755]
[0 1],[0.20984644 0.7901536 ]
[0 1],[0.14959691 0.8504031 ]
[0 1],[0.19718589 0.8028141 ]
[1 0],[0.8027987  0.19720133]
[0 1],[0.13978118 0.8602188 ]
[1 0],[0.8395041  0.16049592]
[0 1],[0.1396328  0.86036724]
[1 0],[0.8622632  0.13773681]
[0 1],[0.14069703 0.85930294]
[0 1],[0.14092244 0.8590776 ]
[0 1],[0.1397909 0.8602091]
[1 0],[0.8620056  0.13799445]
[0 1],[0.13965675 0.8603432 ]
[1 0],[0.8624369  0.13756308]
[0 1],[0.13969502 0.860305  ]
[1 0],[0.8284615  0.17153846]
[0 1],[0.14505461 0.8549454 ]
[1 0],[0.8637597  0.13624032]
[1 0],[0.77728623 0.22271378]
[1 0],[0.86323863 0.13676132]
[1 0],[0.8277587  0.17224129]
[0 1],[0.1427748  0.85722524]
[0 1],[0.18960659 0.81039345]
[1 0],[0.8636688  0.13633119]
[0 1],[0.14003873 0.85996133]
[1 0],[0.86351484 0.13648511]
[0 1],[0.1454934 0.8545067]
[1 0],[0.73808914 0.2619109 ]
[0 1],[0.17571615 0.82428384]
[0 1],[0.14283356 0.85716647]
[1 0],[0.8409337  0.15906627]
[0 1],[0.14130293 0.85869706]
[0 1],[0.13972665 0.86027336]
[1 0],[0.8636648  0.13633518]
[1 0],[0.86341876 0.13658123]
[0 1],[0.13968591 0.86031413]
[1 0],[0.8637508  0.13624915]
[1 0],[0.8637622  0.13623784]
[0 1],[0.16023926 0.8397608 ]
[1 0],[0.8542094  0.14579062]
[1 0],[0.83216023 0.1678398 ]
[0 1],[0.14549462 0.8545054 ]
[1 0],[0.86376333 0.13623664]
[0 1],[0.40514565 0.5948544 ]
[1 0],[0.78306025 0.21693976]
[0 1],[0.14078055 0.8592195 ]
[1 0],[0.8518822  0.14811778]
[0 1],[0.13968775 0.8603123 ]
[1 0],[0.8637628  0.13623717]
[0 1],[0.14003916 0.8599609 ]
[0 1],[0.13991898 0.8600811 ]
[1 0],[0.16299109 0.8370089 ]
[0 1],[0.14228968 0.85771036]
[1 0],[0.8634977  0.13650234]
[1 0],[0.8637568  0.13624327]
[0 1],[0.13960639 0.8603936 ]
[0 1],[0.1396604 0.8603396]
[0 1],[0.8167604  0.18323961]
[1 0],[0.86311203 0.13688803]
[0 1],[0.14588195 0.8541181 ]
[1 0],[0.8635756  0.13642445]
[0 1],[0.14046772 0.8595323 ]
[0 1],[0.14791897 0.852081  ]
[1 0],[0.86375296 0.13624708]
[0 1],[0.14570674 0.8542933 ]
[1 0],[0.86352265 0.13647734]
[1 0],[0.7820244  0.21797562]
[0 1],[0.13969038 0.8603096 ]
[1 0],[0.8635485  0.13645147]
[0 1],[0.14334466 0.85665536]
[0 1],[0.14092405 0.85907596]
[0 1],[0.16639914 0.8336009 ]
[1 0],[0.83252543 0.16747454]
[0 1],[0.2259045 0.7740955]
[0 1],[0.14019072 0.8598093 ]
[0 1],[0.14386675 0.8561333 ]
[0 1],[0.13973142 0.8602686 ]
[0 1],[0.1417975  0.85820246]
[1 0],[0.86338985 0.1366101 ]
[1 0],[0.86376    0.13623999]
[1 0],[0.85505486 0.14494517]
[1 0],[0.69456923 0.30543077]
[1 0],[0.8637428  0.13625716]
[1 0],[0.86375856 0.13624145]
[0 1],[0.13965821 0.8603418 ]
[1 0],[0.81617695 0.18382303]
[0 1],[0.13982217 0.8601778 ]
[0 1],[0.14038484 0.85961515]
[1 0],[0.838586   0.16141403]
[0 1],[0.14788392 0.85211605]
[1 0],[0.86375475 0.13624524]
[0 1],[0.13967943 0.86032057]
[1 0],[0.86345404 0.136546  ]
[0 1],[0.1396162 0.8603838]
[1 0],[0.86320204 0.13679795]
[0 1],[0.1397093 0.8602907]
[1 0],[0.8633713  0.13662873]
[1 0],[0.863762 0.136238]
[1 0],[0.86376214 0.13623787]
[0 1],[0.14223437 0.8577656 ]
[1 0],[0.85518396 0.14481607]
[0 1],[0.14615923 0.85384077]
[1 0],[0.863764   0.13623603]
[0 1],[0.14075391 0.8592461 ]
[1 0],[0.8637604  0.13623953]
[0 1],[0.14061491 0.8593851 ]
[1 0],[0.32008728 0.6799127 ]
[1 0],[0.8637624  0.13623759]
[0 1],[0.14069024 0.8593098 ]
[1 0],[0.8637369 0.1362631]
[0 1],[0.14193669 0.85806334]
[0 1],[0.13970987 0.8602901 ]
[0 1],[0.16117238 0.83882767]
[0 1],[0.14683361 0.85316634]
[1 0],[0.863614   0.13638598]
[0 1],[0.14037473 0.8596252 ]
[1 0],[0.86173195 0.13826802]
[0 1],[0.13998975 0.86001027]
[1 0],[0.8627106 0.1372894]
[1 0],[0.8636603  0.13633974]
[1 0],[0.8607938  0.13920617]
[0 1],[0.14242695 0.85757303]
[0 1],[0.140252 0.859748]
[1 0],[0.863762   0.13623793]
[0 1],[0.14137086 0.8586291 ]
[1 0],[0.8637611  0.13623886]
[0 1],[0.14104366 0.85895634]
[1 0],[0.86376274 0.13623732]
[0 1],[0.13992546 0.8600745 ]
[1 0],[0.7299587  0.27004135]
[0 1],[0.13968922 0.86031073]
[1 0],[0.86376214 0.13623787]
[0 1],[0.14091463 0.8590854 ]
[0 1],[0.13991241 0.8600876 ]
[1 0],[0.8630715  0.13692853]
[0 1],[0.14070399 0.85929596]
[0 1],[0.14907004 0.85093   ]
[0 1],[0.17187297 0.828127  ]
[1 0],[0.71987736 0.28012264]
[0 1],[0.14202097 0.85797906]
[1 0],[0.8488466  0.15115339]
[0 1],[0.14447956 0.8555204 ]
[1 0],[0.86362714 0.13637288]
[0 1],[0.15323193 0.8467681 ]
[1 0],[0.71844304 0.28155693]
[0 1],[0.1493318  0.85066825]
[1 0],[0.8629885  0.13701151]
[0 1],[0.13967724 0.8603228 ]
[1 0],[0.15320948 0.8467905 ]
[1 0],[0.86347175 0.1365283 ]
[1 0],[0.8417602  0.15823975]
[0 1],[0.13964605 0.8603539 ]
[0 1],[0.32378954 0.6762104 ]
[1 0],[0.8631136  0.13688634]
[1 0],[0.86140823 0.13859175]
[1 0],[0.86376196 0.13623811]
[1 0],[0.85790676 0.14209326]
[1 0],[0.8606901  0.13930985]
[0 1],[0.14118576 0.85881424]
[1 0],[0.8637646  0.13623537]
[1 0],[0.8569303  0.14306968]
[0 1],[0.13963892 0.86036104]
[1 0],[0.8637622  0.13623776]
[1 0],[0.86197865 0.13802134]
[0 1],[0.13998419 0.8600158 ]
[1 0],[0.8634405  0.13655946]
[1 0],[0.8434921  0.15650788]
[0 1],[0.14447288 0.85552716]
[1 0],[0.82590157 0.17409837]
[1 0],[0.86367685 0.13632323]
[1 0],[0.8628244 0.1371756]
[0 1],[0.1401357 0.8598643]
[1 0],[0.30738184 0.6926182 ]
[0 1],[0.13995603 0.86004394]
[1 0],[0.80910265 0.19089739]
[0 1],[0.3271904 0.6728096]
[1 0],[0.863455   0.13654494]
[0 1],[0.14046521 0.85953474]
[1 0],[0.8324956  0.16750436]
[0 1],[0.14007717 0.8599228 ]
[1 0],[0.8637528  0.13624725]
[0 1],[0.39800707 0.60199296]
[1 0],[0.2810696 0.7189304]
[0 1],[0.4287525  0.57124746]
[1 0],[0.8633166  0.13668339]
[0 1],[0.14275108 0.85724896]
[1 0],[0.7962555  0.20374441]
[0 1],[0.24694097 0.753059  ]
[1 0],[0.8635448  0.13645525]
[0 1],[0.13964589 0.8603542 ]
[1 0],[0.86347485 0.13652511]
[1 0],[0.863693   0.13630705]
[0 1],[0.1408714 0.8591286]
[1 0],[0.8637574 0.1362426]
[0 1],[0.14155644 0.8584435 ]
[1 0],[0.8452761 0.1547239]
[0 1],[0.14954963 0.8504504 ]
[0 1],[0.862732   0.13726798]
[1 0],[0.7564253  0.24357468]
[1 0],[0.86125386 0.13874614]
[0 1],[0.14135256 0.85864747]
[0 1],[0.14160502 0.8583949 ]
[1 0],[0.8562776 0.1437224]
[0 1],[0.13975942 0.86024064]
[1 0],[0.863757   0.13624299]
[0 1],[0.14215244 0.8578475 ]
[1 0],[0.86375684 0.13624312]
[0 1],[0.15685114 0.8431489 ]
[1 0],[0.86375546 0.13624452]
[0 1],[0.13970578 0.86029416]
[0 1],[0.14778797 0.85221195]
[1 0],[0.82429844 0.17570157]
[0 1],[0.1527922  0.84720784]
[1 0],[0.74545956 0.25454044]
[0 1],[0.14383847 0.85616153]
[1 0],[0.8637572  0.13624278]
[0 1],[0.1425222  0.85747784]
[1 0],[0.83836585 0.16163415]
[0 1],[0.14189802 0.858102  ]
[1 0],[0.86376345 0.1362366 ]
[0 1],[0.20937786 0.7906221 ]
[1 0],[0.84410924 0.15589082]
[1 0],[0.7417832  0.25821683]
[0 1],[0.14370891 0.8562911 ]
[1 0],[0.8637481  0.13625197]
[0 1],[0.15109842 0.8489016 ]
[1 0],[0.863763   0.13623704]
[0 1],[0.14130461 0.8586954 ]
[1 0],[0.863762   0.13623792]
[0 1],[0.14496452 0.8550355 ]
[1 0],[0.8059596  0.19404042]
[0 1],[0.14039245 0.8596076 ]
[0 1],[0.1426865  0.85731345]
[1 0],[0.863742   0.13625802]
[1 0],[0.14339398 0.856606  ]
[0 1],[0.1401978 0.8598021]
[1 0],[0.86349493 0.13650505]
[0 1],[0.14535327 0.85464674]
[1 0],[0.8635836  0.13641633]
[0 1],[0.13978794 0.860212  ]
[1 0],[0.863161   0.13683894]
[0 1],[0.1404259  0.85957414]
[1 0],[0.8637597  0.13624029]
[0 1],[0.1402555 0.8597445]
[1 0],[0.7162511  0.28374887]
[0 1],[0.14111793 0.858882  ]
[0 1],[0.15088944 0.8491106 ]
[1 0],[0.8637622  0.13623783]
[0 1],[0.14062949 0.8593705 ]
[0 1],[0.14505747 0.8549425 ]
[1 0],[0.8637588  0.13624123]
[0 1],[0.13994014 0.8600599 ]
[1 0],[0.86374754 0.13625246]
[0 1],[0.1437326  0.85626733]
[1 0],[0.7564161  0.24358392]
[0 1],[0.8294541  0.17054582]
[1 0],[0.7380914  0.26190862]
[0 1],[0.14014828 0.8598518 ]
[0 1],[0.14359613 0.8564039 ]
[1 0],[0.8637369  0.13626306]
[0 1],[0.14292832 0.8570717 ]
[1 0],[0.86343896 0.13656105]
[0 1],[0.15976481 0.8402352 ]
[1 0],[0.8362054  0.16379456]
[0 1],[0.1427833 0.8572167]
[0 1],[0.14405902 0.855941  ]
[1 0],[0.2064537 0.7935463]
[0 1],[0.14504743 0.8549526 ]
[1 0],[0.8637604  0.13623956]
[1 0],[0.6656648  0.33433515]
[0 1],[0.13982336 0.8601767 ]
[0 1],[0.13974634 0.8602537 ]
[1 0],[0.8538233  0.14617674]
[1 0],[0.86376256 0.1362374 ]
[0 1],[0.1397614 0.8602386]
[1 0],[0.79566455 0.20433542]
[0 1],[0.14315711 0.85684294]
[1 0],[0.86374515 0.13625492]
[0 1],[0.13962895 0.8603711 ]
[1 0],[0.8636714  0.13632861]
[0 1],[0.8232424  0.17675765]
[1 0],[0.86329424 0.1367057 ]
[1 0],[0.8637604  0.13623956]
[1 0],[0.86375606 0.1362439 ]
[0 1],[0.14669329 0.8533067 ]
[1 0],[0.86246556 0.13753451]
[0 1],[0.1418533 0.8581467]
[1 0],[0.1420029  0.85799706]
[0 1],[0.14475977 0.85524017]
[1 0],[0.7935338  0.20646617]
[1 0],[0.8439997 0.1560003]
[0 1],[0.1507368 0.8492632]
[1 0],[0.8637544  0.13624568]
[0 1],[0.14742428 0.8525758 ]
[1 0],[0.7606706  0.23932934]
[1 0],[0.86336875 0.13663124]
[0 1],[0.1421011  0.85789895]
[0 1],[0.14628205 0.853718  ]
[1 0],[0.8637582  0.13624178]
[0 1],[0.13966405 0.8603359 ]
[1 0],[0.8637611  0.13623881]
[0 1],[0.1411175  0.85888255]
[1 0],[0.8339742  0.16602573]
[0 1],[0.14182298 0.858177  ]
[1 0],[0.86200964 0.13799039]
[1 0],[0.86368936 0.1363106 ]
[0 1],[0.14187598 0.8581241 ]
[0 1],[0.14104688 0.85895306]
[1 0],[0.86373997 0.13626   ]
[0 1],[0.13965675 0.8603432 ]
[1 0],[0.86376005 0.13623996]
[0 1],[0.13958761 0.8604124 ]
[1 0],[0.85958076 0.14041926]
[1 0],[0.7947976 0.2052024]
[0 1],[0.14141847 0.85858154]
[1 0],[0.7964726  0.20352738]
[0 1],[0.14071518 0.8592848 ]
[0 1],[0.13969022 0.8603098 ]
[0 1],[0.13970158 0.8602984 ]
[0 1],[0.15333919 0.84666085]
[0 1],[0.14391305 0.85608697]
[1 0],[0.8625558 0.1374442]
[0 1],[0.14332108 0.85667896]
[0 1],[0.15261525 0.84738475]
[1 0],[0.82810473 0.17189528]
[1 0],[0.86375695 0.13624305]
[1 0],[0.86366314 0.13633685]
[0 1],[0.14070396 0.8592961 ]
[1 0],[0.715056   0.28494403]
[0 1],[0.14015976 0.8598402 ]
[0 1],[0.14018542 0.8598146 ]
[1 0],[0.72307104 0.27692896]
[1 0],[0.86346376 0.13653632]
[1 0],[0.863762   0.13623792]
[0 1],[0.14043112 0.85956883]
[1 0],[0.8637597  0.13624032]
[1 0],[0.8634441  0.13655587]
[1 0],[0.84366924 0.15633076]
[1 0],[0.86376214 0.1362379 ]
[0 1],[0.13965884 0.8603412 ]
[0 1],[0.15510373 0.84489626]
[0 1],[0.1399495  0.86005056]
[1 0],[0.8637472 0.1362528]
[0 1],[0.14063321 0.85936683]
[1 0],[0.8637183  0.13628173]
[1 0],[0.8637622  0.13623784]
[1 0],[0.8630128  0.13698716]
[0 1],[0.14167264 0.8583273 ]
[0 1],[0.13960665 0.86039335]
[1 0],[0.8637488  0.13625124]
[0 1],[0.13965619 0.86034375]
[0 1],[0.13980849 0.86019146]
[1 0],[0.8311139  0.16888605]
[0 1],[0.14847572 0.85152435]
[1 0],[0.8636769  0.13632311]
[0 1],[0.20172828 0.7982717 ]
[1 0],[0.71802026 0.2819797 ]
[0 1],[0.15020776 0.8497922 ]
[1 0],[0.86376256 0.13623741]
[0 1],[0.1398491  0.86015093]
[0 1],[0.15573555 0.84426445]
[1 0],[0.86375916 0.13624084]
[0 1],[0.14011844 0.8598816 ]
[1 0],[0.8270594 0.1729406]
[1 0],[0.8473885  0.15261148]
[0 1],[0.13980535 0.8601947 ]
[1 0],[0.86373544 0.13626459]
[0 1],[0.1650664 0.8349336]
[1 0],[0.86361897 0.13638109]
[1 0],[0.86376077 0.13623922]
[0 1],[0.14684308 0.853157  ]
[1 0],[0.86349225 0.1365077 ]
[1 0],[0.8617631 0.1382369]
[0 1],[0.14275528 0.85724473]
[1 0],[0.8483294  0.15167059]
[0 1],[0.14030646 0.8596936 ]
[1 0],[0.82339793 0.17660199]
[0 1],[0.14055206 0.85944796]
[0 1],[0.4669244  0.53307563]
[0 1],[0.1407472  0.85925275]
[1 0],[0.8637574  0.13624264]
[0 1],[0.14051248 0.85948753]
[1 0],[0.7646696  0.23533043]
[0 1],[0.15691258 0.8430874 ]
[1 0],[0.8628629  0.13713714]
[0 1],[0.1488186 0.8511814]
[1 0],[0.8124657 0.1875343]
[0 1],[0.1455542 0.8544458]
[1 0],[0.84816575 0.15183425]
[0 1],[0.1406547 0.8593454]
[1 0],[0.8637599  0.13624012]
[0 1],[0.7846097  0.21539035]
[1 0],[0.86310154 0.13689846]
[0 1],[0.15137058 0.84862936]
[1 0],[0.86376196 0.13623804]
[1 0],[0.18829161 0.81170845]
[0 1],[0.14184837 0.8581516 ]
[1 0],[0.14396416 0.8560359 ]
[1 0],[0.6263509 0.3736491]
[0 1],[0.14494097 0.855059  ]
[0 1],[0.14890094 0.8510991 ]
[0 1],[0.14076519 0.8592348 ]
[0 1],[0.14269939 0.85730064]
[1 0],[0.8422406  0.15775947]
[0 1],[0.14287087 0.85712916]
[1 0],[0.8637606  0.13623944]
[0 1],[0.13998173 0.86001825]
[1 0],[0.7768218  0.22317824]
[0 1],[0.14004779 0.8599523 ]
[0 1],[0.1401285 0.8598715]
[0 1],[0.13982706 0.860173  ]
[1 0],[0.86363673 0.13636331]
[0 1],[0.13993229 0.86006767]
[0 1],[0.1399449  0.86005515]
[1 0],[0.8617569  0.13824308]
[0 1],[0.19697006 0.80302995]
[1 0],[0.862383   0.13761705]
[1 0],[0.86358064 0.13641939]
[0 1],[0.13982312 0.86017686]
[1 0],[0.86376023 0.13623978]
[0 1],[0.14083244 0.8591676 ]
[1 0],[0.8637624  0.13623759]
[1 0],[0.8637459  0.13625406]
[0 1],[0.13976343 0.8602366 ]
[1 0],[0.7252414 0.2747586]
[0 1],[0.28388652 0.7161135 ]
[1 0],[0.8635888  0.13641119]
[0 1],[0.15729602 0.84270406]
[1 0],[0.8633451  0.13665494]
[1 0],[0.8637385  0.13626152]
[0 1],[0.17275292 0.8272471 ]
[1 0],[0.84483814 0.15516189]
[0 1],[0.25161135 0.74838865]
[1 0],[0.86328673 0.13671331]
[1 0],[0.8634944  0.13650562]
[0 1],[0.14070356 0.85929644]
[0 1],[0.15039057 0.8496094 ]
[0 1],[0.14687409 0.85312593]
[1 0],[0.42977265 0.57022727]
[0 1],[0.14031583 0.85968417]
[1 0],[0.8637638  0.13623624]
[0 1],[0.14552747 0.8544725 ]
[0 1],[0.13972917 0.86027086]
[0 1],[0.13979664 0.8602033 ]
[1 0],[0.86371887 0.13628109]
