[1 0],[0.8786441  0.12135583]
[0 1],[0.12134608 0.8786539 ]
[0 1],[0.121346 0.878654]
[0 1],[0.12134606 0.878654  ]
[0 1],[0.12134616 0.8786538 ]
[1 0],[0.8786442  0.12135582]
[0 1],[0.121346 0.878654]
[1 0],[0.8786442  0.12135582]
[0 1],[0.12134507 0.8786549 ]
[1 0],[0.8786442  0.12135582]
[0 1],[0.12134633 0.87865365]
[1 0],[0.8786442  0.12135581]
[0 1],[0.12134504 0.878655  ]
[1 0],[0.8786442  0.12135579]
[0 1],[0.12134594 0.87865406]
[1 0],[0.8786441  0.12135583]
[1 0],[0.8786442  0.12135579]
[1 0],[0.8786442  0.12135582]
[0 1],[0.12134558 0.8786544 ]
[0 1],[0.12134604 0.878654  ]
[0 1],[0.12134594 0.87865406]
[0 1],[0.12134602 0.878654  ]
[1 0],[0.87864405 0.12135591]
[0 1],[0.12134602 0.878654  ]
[0 1],[0.121346 0.878654]
[1 0],[0.8786441  0.12135587]
[0 1],[0.12134592 0.87865406]
[0 1],[0.12134611 0.8786539 ]
[0 1],[0.12134598 0.878654  ]
[1 0],[0.8786442  0.12135581]
[1 0],[0.8786442  0.12135581]
[1 0],[0.8786442  0.12135577]
[1 0],[0.8786442  0.12135582]
[0 1],[0.12134598 0.878654  ]
[1 0],[0.8786442  0.12135574]
[0 1],[0.12134577 0.87865424]
[1 0],[0.87864405 0.12135598]
[1 0],[0.87864536 0.12135465]
[1 0],[0.8786442  0.12135579]
[1 0],[0.8786441  0.12135586]
[0 1],[0.12134611 0.8786539 ]
[0 1],[0.12134604 0.878654  ]
[0 1],[0.12134606 0.878654  ]
[1 0],[0.8786441  0.12135583]
[1 0],[0.8786442  0.12135579]
[0 1],[0.121346 0.878654]
[1 0],[0.8786442  0.12135577]
[1 0],[0.8786442  0.12135582]
[1 0],[0.8786442  0.12135577]
[0 1],[0.12134623 0.8786538 ]
[0 1],[0.12134599 0.878654  ]
[0 1],[0.12134596 0.87865406]
[1 0],[0.8786442  0.12135581]
[1 0],[0.8786442  0.12135582]
[0 1],[0.12134602 0.878654  ]
[1 0],[0.87864435 0.12135567]
[1 0],[0.8786441  0.12135583]
[1 0],[0.87864435 0.12135572]
[0 1],[0.12134604 0.878654  ]
[1 0],[0.8786442  0.12135579]
[1 0],[0.8786442  0.12135582]
[0 1],[0.12134602 0.878654  ]
[0 1],[0.12134577 0.87865424]
[1 0],[0.87864435 0.12135572]
[0 1],[0.12134599 0.878654  ]
[0 1],[0.12134611 0.8786539 ]
[1 0],[0.8786442  0.12135582]
[1 0],[0.8786442  0.12135582]
[0 1],[0.12134599 0.878654  ]
[0 1],[0.12134621 0.8786538 ]
[0 1],[0.12134598 0.878654  ]
[1 0],[0.8786442  0.12135581]
[1 0],[0.8786442  0.12135581]
[0 1],[0.12134598 0.878654  ]
[1 0],[0.8786442  0.12135582]
[0 1],[0.121346 0.878654]
[1 0],[0.8786442  0.12135582]
[1 0],[0.87864435 0.12135565]
[0 1],[0.12134604 0.878654  ]
[1 0],[0.8786442  0.12135579]
[0 1],[0.12134606 0.878654  ]
[0 1],[0.12134577 0.87865424]
[0 1],[0.12134599 0.878654  ]
[1 0],[0.8786442  0.12135574]
[0 1],[0.12134624 0.8786538 ]
[0 1],[0.12134589 0.87865406]
[0 1],[0.121346 0.878654]
[1 0],[0.87864435 0.12135572]
[1 0],[0.8786442  0.12135582]
[1 0],[0.87864435 0.12135572]
[0 1],[0.12134606 0.8786539 ]
[0 1],[0.12134596 0.87865406]
[0 1],[0.12134604 0.878654  ]
[1 0],[0.8786442  0.12135579]
[0 1],[0.12134589 0.87865406]
[0 1],[0.12134594 0.87865406]
[0 1],[0.12134625 0.8786537 ]
[1 0],[0.8786442  0.12135577]
[1 0],[0.8786442  0.12135579]
[1 0],[0.8786442  0.12135582]
[0 1],[0.12134586 0.8786542 ]
[1 0],[0.8786442  0.12135579]
[0 1],[0.12134625 0.8786537 ]
[0 1],[0.12134589 0.87865406]
[0 1],[0.12134608 0.8786539 ]
[1 0],[0.8786441  0.12135582]
[1 0],[0.8786442  0.12135577]
[1 0],[0.8786442  0.12135573]
[1 0],[0.8786437 0.1213563]
[1 0],[0.87864405 0.12135591]
[1 0],[0.87864405 0.12135591]
[1 0],[0.8786442  0.12135573]
[0 1],[0.121346 0.878654]
[1 0],[0.8786442  0.12135581]
[1 0],[0.8786441  0.12135583]
[1 0],[0.87864405 0.12135591]
[0 1],[0.12134598 0.878654  ]
[0 1],[0.12134586 0.8786542 ]
[0 1],[0.12134609 0.8786539 ]
[1 0],[0.87864405 0.12135591]
[0 1],[0.12134608 0.8786539 ]
[0 1],[0.12134581 0.8786542 ]
[1 0],[0.8786442  0.12135574]
[0 1],[0.12134594 0.87865406]
[0 1],[0.12134596 0.87865406]
[1 0],[0.8786442  0.12135582]
[0 1],[0.12134592 0.87865406]
[1 0],[0.87864524 0.12135476]
[1 0],[0.87860125 0.12139875]
[1 0],[0.8786442  0.12135579]
[0 1],[0.12134621 0.8786538 ]
[0 1],[0.12134615 0.8786539 ]
[0 1],[0.12134598 0.878654  ]
[1 0],[0.8786442  0.12135574]
[0 1],[0.12134621 0.8786538 ]
[0 1],[0.12134546 0.87865454]
[0 1],[0.12134589 0.87865406]
[1 0],[0.87864405 0.12135601]
[1 0],[0.8786441 0.1213559]
[1 0],[0.8786442  0.12135577]
[0 1],[0.12134604 0.878654  ]
[0 1],[0.12134616 0.8786538 ]
[0 1],[0.12134598 0.878654  ]
[1 0],[0.87864435 0.12135567]
[1 0],[0.8786442  0.12135577]
[1 0],[0.8786442  0.12135582]
[1 0],[0.8786442  0.12135579]
[0 1],[0.12134602 0.878654  ]
[0 1],[0.12134604 0.878654  ]
[0 1],[0.12134629 0.8786537 ]
[0 1],[0.12134596 0.87865406]
[1 0],[0.8786442  0.12135574]
[0 1],[0.12134604 0.878654  ]
[0 1],[0.12134602 0.878654  ]
[0 1],[0.12134598 0.878654  ]
[1 0],[0.8786441  0.12135588]
[0 1],[0.12134604 0.878654  ]
[0 1],[0.121346 0.878654]
[0 1],[0.12134602 0.878654  ]
[0 1],[0.12134615 0.8786539 ]
[0 1],[0.12134594 0.87865406]
[0 1],[0.12134607 0.878654  ]
[1 0],[0.8786442  0.12135582]
[0 1],[0.12134553 0.8786544 ]
[1 0],[0.8786441  0.12135587]
[0 1],[0.12134589 0.8786542 ]
[1 0],[0.87864435 0.12135572]
[0 1],[0.12134606 0.878654  ]
[1 0],[0.8786442  0.12135579]
[0 1],[0.121346 0.878654]
[1 0],[0.87864393 0.12135602]
[1 0],[0.8786442  0.12135579]
[1 0],[0.8786441  0.12135582]
[0 1],[0.12134598 0.878654  ]
[0 1],[0.12134578 0.8786542 ]
[0 1],[0.12134608 0.8786539 ]
[0 1],[0.12134641 0.87865365]
[0 1],[0.12134604 0.878654  ]
[0 1],[0.12134598 0.878654  ]
[1 0],[0.8786442  0.12135582]
[1 0],[0.8786442  0.12135579]
[1 0],[0.8786442  0.12135574]
[0 1],[0.12134589 0.8786542 ]
[1 0],[0.8786442  0.12135582]
[0 1],[0.12134658 0.8786534 ]
[0 1],[0.12134604 0.878654  ]
[0 1],[0.12134626 0.8786538 ]
[1 0],[0.8786442  0.12135576]
[1 0],[0.8786442  0.12135579]
[0 1],[0.12134604 0.878654  ]
[1 0],[0.87864393 0.12135603]
[0 1],[0.121346 0.878654]
[0 1],[0.12134598 0.878654  ]
[1 0],[0.87864393 0.12135602]
[0 1],[0.12134621 0.8786538 ]
[1 0],[0.87864405 0.121356  ]
[0 1],[0.121346 0.878654]
[1 0],[0.8786442  0.12135582]
[0 1],[0.12134589 0.87865406]
[1 0],[0.8786442  0.12135581]
[0 1],[0.12134598 0.878654  ]
[1 0],[0.8786442  0.12135579]
[0 1],[0.12134606 0.878654  ]
[0 1],[0.12134597 0.878654  ]
[1 0],[0.8786442  0.12135581]
[1 0],[0.8786442  0.12135581]
[1 0],[0.87864435 0.1213557 ]
[0 1],[0.12134583 0.8786542 ]
[1 0],[0.8786442  0.12135581]
[0 1],[0.12134615 0.8786539 ]
[1 0],[0.8786441  0.12135587]
[0 1],[0.12134589 0.87865406]
[1 0],[0.8786442  0.12135579]
[0 1],[0.12134586 0.8786542 ]
[1 0],[0.87864435 0.12135572]
[0 1],[0.12134599 0.878654  ]
[1 0],[0.8786442  0.12135579]
[0 1],[0.12134607 0.878654  ]
[1 0],[0.8786442  0.12135577]
[0 1],[0.12134599 0.878654  ]
[1 0],[0.8786441 0.1213559]
[0 1],[0.12134623 0.8786538 ]
[0 1],[0.1213475 0.8786525]
[1 0],[0.8786442  0.12135582]
[1 0],[0.8786442  0.12135582]
[1 0],[0.8786442  0.12135579]
[1 0],[0.8786441  0.12135587]
[0 1],[0.12134624 0.8786538 ]
[1 0],[0.8786442  0.12135581]
[1 0],[0.8786442  0.12135579]
[1 0],[0.8786444  0.12135556]
[1 0],[0.8786446  0.12135541]
[0 1],[0.12134604 0.878654  ]
[1 0],[0.8786442  0.12135577]
[1 0],[0.87864286 0.12135718]
[1 0],[0.8786442  0.12135579]
[0 1],[0.12134607 0.878654  ]
[0 1],[0.12134597 0.878654  ]
[0 1],[0.121346 0.878654]
[1 0],[0.8786442  0.12135582]
[0 1],[0.12134654 0.8786534 ]
[1 0],[0.8786442  0.12135581]
[0 1],[0.12134597 0.878654  ]
[0 1],[0.12134606 0.8786539 ]
[1 0],[0.8786442  0.12135582]
[0 1],[0.12134604 0.878654  ]
[1 0],[0.8786442  0.12135582]
[0 1],[0.12134604 0.878654  ]
[0 1],[0.12134555 0.8786544 ]
[0 1],[0.121346 0.878654]
[1 0],[0.8786351  0.12136484]
[1 0],[0.8786442  0.12135577]
[1 0],[0.8786442  0.12135574]
[0 1],[0.12134589 0.87865406]
[0 1],[0.12134632 0.8786537 ]
[0 1],[0.12134594 0.87865406]
[1 0],[0.8786442  0.12135574]
[1 0],[0.8786442  0.12135579]
[0 1],[0.12134598 0.878654  ]
[1 0],[0.8786442  0.12135576]
[1 0],[0.8786442  0.12135579]
[1 0],[0.87864435 0.12135572]
[0 1],[0.12134602 0.878654  ]
[0 1],[0.12134589 0.87865406]
[0 1],[0.12134594 0.87865406]
[1 0],[0.87864435 0.12135572]
[1 0],[0.8786442  0.12135582]
[0 1],[0.12134607 0.878654  ]
[0 1],[0.12134604 0.878654  ]
[0 1],[0.12134598 0.878654  ]
[0 1],[0.12134596 0.87865406]
[1 0],[0.8786442  0.12135573]
[0 1],[0.12134604 0.878654  ]
[1 0],[0.8786442  0.12135573]
[0 1],[0.12134599 0.878654  ]
[1 0],[0.8786442  0.12135579]
[0 1],[0.12134589 0.87865406]
[1 0],[0.8786442  0.12135582]
[1 0],[0.8786442  0.12135573]
[0 1],[0.12134665 0.87865335]
[1 0],[0.8786442  0.12135573]
[0 1],[0.12134689 0.87865305]
[0 1],[0.12134596 0.87865406]
[0 1],[0.12134604 0.878654  ]
[0 1],[0.12134586 0.8786542 ]
[0 1],[0.12134606 0.8786539 ]
[1 0],[0.8786442  0.12135579]
[0 1],[0.121346 0.878654]
[0 1],[0.12134592 0.87865406]
[0 1],[0.121346 0.878654]
[0 1],[0.12134604 0.878654  ]
[1 0],[0.87864405 0.12135598]
[0 1],[0.12134583 0.8786542 ]
[0 1],[0.12134599 0.878654  ]
[0 1],[0.12134583 0.8786542 ]
[0 1],[0.12134606 0.878654  ]
[1 0],[0.87864435 0.12135565]
[1 0],[0.8786442  0.12135582]
[1 0],[0.8786442  0.12135582]
[1 0],[0.8786441  0.12135582]
[0 1],[0.12134694 0.87865305]
[1 0],[0.87864554 0.12135445]
[1 0],[0.8786442  0.12135573]
[1 0],[0.8786442  0.12135579]
[0 1],[0.12134598 0.878654  ]
[1 0],[0.8786442  0.12135574]
[1 0],[0.8786442  0.12135581]
[0 1],[0.121346 0.878654]
[1 0],[0.8786442  0.12135582]
[0 1],[0.12134611 0.8786539 ]
[0 1],[0.12134621 0.8786538 ]
[1 0],[0.8786444  0.12135562]
[1 0],[0.8786441  0.12135583]
[1 0],[0.87864435 0.12135572]
[1 0],[0.8786442  0.12135582]
[0 1],[0.12134607 0.878654  ]
[0 1],[0.12134575 0.87865424]
[1 0],[0.8786442  0.12135574]
[1 0],[0.8786442  0.12135577]
[1 0],[0.8786442  0.12135576]
[1 0],[0.8786442  0.12135579]
[0 1],[0.12134515 0.8786549 ]
[1 0],[0.8786442  0.12135573]
[0 1],[0.12134602 0.878654  ]
[0 1],[0.12134599 0.878654  ]
[0 1],[0.12134606 0.878654  ]
[1 0],[0.8786439  0.12135619]
[1 0],[0.8786442  0.12135573]
[0 1],[0.12134607 0.878654  ]
[1 0],[0.87864405 0.12135591]
[1 0],[0.8786432  0.12135677]
[0 1],[0.12134697 0.87865305]
[0 1],[0.121346 0.878654]
[1 0],[0.8786442  0.12135582]
[1 0],[0.8786442  0.12135576]
[1 0],[0.87864405 0.12135591]
[0 1],[0.12134613 0.8786539 ]
[0 1],[0.12134596 0.87865406]
[0 1],[0.12134594 0.87865406]
[1 0],[0.8786442  0.12135582]
[1 0],[0.87864435 0.1213557 ]
[1 0],[0.8786442  0.12135579]
[1 0],[0.8786442  0.12135582]
[1 0],[0.8786442  0.12135574]
[0 1],[0.12134707 0.878653  ]
[0 1],[0.12134589 0.87865406]
[1 0],[0.8786442  0.12135579]
[1 0],[0.87864405 0.12135591]
[1 0],[0.8786442  0.12135577]
[1 0],[0.8786442  0.12135581]
[0 1],[0.12134604 0.878654  ]
[1 0],[0.8786441 0.1213559]
[0 1],[0.12134615 0.8786539 ]
[1 0],[0.8786441  0.12135587]
[0 1],[0.121346 0.878654]
[0 1],[0.12134604 0.878654  ]
[0 1],[0.12134596 0.87865406]
[1 0],[0.8786442  0.12135579]
[0 1],[0.12134598 0.878654  ]
[0 1],[0.12134594 0.87865406]
[0 1],[0.12134604 0.878654  ]
[1 0],[0.8786442  0.12135582]
[1 0],[0.87864405 0.121356  ]
[1 0],[0.87864435 0.12135572]
[0 1],[0.12134599 0.878654  ]
[1 0],[0.8786441  0.12135582]
[1 0],[0.87864435 0.1213557 ]
[0 1],[0.12134607 0.878654  ]
[0 1],[0.12134586 0.8786542 ]
[0 1],[0.12134604 0.878654  ]
[1 0],[0.8786442  0.12135579]
[0 1],[0.12134611 0.8786539 ]
[0 1],[0.12134594 0.87865406]
[0 1],[0.12134577 0.87865424]
[1 0],[0.8786442  0.12135577]
[0 1],[0.12134596 0.87865406]
[0 1],[0.12134604 0.878654  ]
[0 1],[0.121346 0.878654]
[0 1],[0.12134609 0.8786539 ]
[0 1],[0.12134589 0.8786542 ]
[1 0],[0.8786442  0.12135577]
[0 1],[0.12134604 0.878654  ]
[1 0],[0.8786441  0.12135583]
[1 0],[0.87864405 0.12135601]
[1 0],[0.8786442  0.12135577]
[1 0],[0.8786442  0.12135573]
[1 0],[0.8786442  0.12135577]
[0 1],[0.12134598 0.878654  ]
[1 0],[0.8786442  0.12135573]
[1 0],[0.8786442  0.12135577]
[0 1],[0.12134598 0.878654  ]
[1 0],[0.8786442  0.12135579]
[1 0],[0.8786442  0.12135582]
[0 1],[0.12134621 0.8786538 ]
[1 0],[0.87864435 0.12135572]
[0 1],[0.12134624 0.8786538 ]
[0 1],[0.12134594 0.87865406]
[0 1],[0.12134621 0.8786538 ]
[1 0],[0.87864435 0.12135568]
[1 0],[0.8786442  0.12135581]
[0 1],[0.12134589 0.87865406]
[1 0],[0.87864435 0.12135572]
[1 0],[0.8786442  0.12135579]
[0 1],[0.12134604 0.878654  ]
[0 1],[0.12134606 0.878654  ]
[0 1],[0.12134602 0.878654  ]
[0 1],[0.12134596 0.87865406]
[0 1],[0.12134604 0.878654  ]
[0 1],[0.12134594 0.87865406]
[1 0],[0.8786442  0.12135581]
[1 0],[0.8786442  0.12135579]
[0 1],[0.12134604 0.878654  ]
[0 1],[0.12134597 0.878654  ]
[1 0],[0.8786442  0.12135582]
[1 0],[0.8786442  0.12135581]
[1 0],[0.8786442  0.12135582]
[0 1],[0.121346 0.878654]
[1 0],[0.8786442  0.12135581]
[0 1],[0.12134598 0.878654  ]
[1 0],[0.8786442  0.12135579]
[1 0],[0.87864435 0.12135572]
[1 0],[0.8786442  0.12135577]
[1 0],[0.8786442  0.12135579]
[1 0],[0.8786442  0.12135579]
[1 0],[0.8786442  0.12135579]
[1 0],[0.8786442  0.12135576]
[0 1],[0.12134618 0.8786538 ]
[1 0],[0.8786442  0.12135573]
[1 0],[0.8786442  0.12135582]
[0 1],[0.12134594 0.87865406]
[0 1],[0.12134604 0.878654  ]
[0 1],[0.121346 0.878654]
[1 0],[0.87864435 0.12135567]
[1 0],[0.87864405 0.12135601]
[1 0],[0.8785249  0.12147514]
[1 0],[0.8786442  0.12135579]
[0 1],[0.12134598 0.878654  ]
[0 1],[0.12134598 0.878654  ]
[1 0],[0.8786441  0.12135582]
[0 1],[0.121346 0.878654]
[1 0],[0.8786442  0.12135577]
[1 0],[0.8786442  0.12135582]
[0 1],[0.12134604 0.878654  ]
[0 1],[0.12134589 0.87865406]
[0 1],[0.12134604 0.878654  ]
[1 0],[0.8786441  0.12135582]
[0 1],[0.12134589 0.87865406]
[1 0],[0.87864333 0.12135675]
[1 0],[0.8786442  0.12135582]
[0 1],[0.12134607 0.878654  ]
[1 0],[0.8786442  0.12135582]
[1 0],[0.8786442  0.12135579]
[1 0],[0.8786441  0.12135582]
[1 0],[0.8786434  0.12135658]
[1 0],[0.8786442  0.12135574]
[0 1],[0.121346 0.878654]
[1 0],[0.8786442  0.12135573]
[1 0],[0.87864476 0.12135527]
[0 1],[0.12134594 0.87865406]
[0 1],[0.12134592 0.87865406]
[0 1],[0.12134589 0.8786542 ]
[1 0],[0.8786442  0.12135582]
[1 0],[0.8786441  0.12135583]
[1 0],[0.8786441  0.12135587]
[1 0],[0.87864435 0.12135567]
[0 1],[0.12134604 0.878654  ]
[0 1],[0.12134594 0.87865406]
[0 1],[0.12134599 0.878654  ]
[1 0],[0.8786442  0.12135577]
[1 0],[0.8786442  0.12135574]
[1 0],[0.8786442  0.12135574]
[1 0],[0.8786441 0.1213559]
[0 1],[0.12134594 0.87865406]
[1 0],[0.8786435  0.12135656]
[1 0],[0.8786442  0.12135582]
[1 0],[0.8786441  0.12135587]
[0 1],[0.12134599 0.878654  ]
[0 1],[0.12134606 0.878654  ]
[0 1],[0.12134589 0.87865406]
[0 1],[0.12134594 0.87865406]
[1 0],[0.87864435 0.1213557 ]
[1 0],[0.8786442  0.12135582]
[0 1],[0.12134619 0.8786538 ]
[1 0],[0.8786444  0.12135562]
[1 0],[0.8786442  0.12135574]
[0 1],[0.12134713 0.8786529 ]
[1 0],[0.8786442  0.12135581]
[0 1],[0.12134589 0.87865406]
[0 1],[0.12134594 0.87865406]
[0 1],[0.12134606 0.8786539 ]
[0 1],[0.12134589 0.87865406]
[0 1],[0.12134616 0.8786538 ]
[1 0],[0.8786442  0.12135582]
[0 1],[0.121346 0.878654]
[0 1],[0.121346 0.878654]
[0 1],[0.12134619 0.8786538 ]
[0 1],[0.12134606 0.8786539 ]
[1 0],[0.8786442  0.12135582]
[0 1],[0.12134604 0.878654  ]
[1 0],[0.8786442  0.12135582]
[1 0],[0.8786441  0.12135587]
[0 1],[0.12134563 0.87865436]
[1 0],[0.87864435 0.12135572]
[0 1],[0.12134604 0.878654  ]
[1 0],[0.87864405 0.12135591]
[0 1],[0.12134594 0.87865406]
[1 0],[0.8786442  0.12135579]
[1 0],[0.8786441  0.12135583]
[0 1],[0.12134599 0.878654  ]
[1 0],[0.8786442  0.12135581]
[1 0],[0.87864435 0.1213557 ]
[0 1],[0.12134602 0.878654  ]
[0 1],[0.12134599 0.878654  ]
[1 0],[0.87864435 0.12135572]
[1 0],[0.8786441  0.12135583]
[0 1],[0.12134769 0.87865233]
[0 1],[0.12134589 0.87865406]
[1 0],[0.8786442  0.12135577]
[0 1],[0.12134604 0.878654  ]
[1 0],[0.87864435 0.12135572]
[1 0],[0.8786442  0.12135579]
[1 0],[0.8786442  0.12135582]
[1 0],[0.87864435 0.12135572]
[1 0],[0.87864435 0.12135567]
[1 0],[0.8786441  0.12135583]
[1 0],[0.8786442  0.12135576]
[0 1],[0.12134604 0.878654  ]
[1 0],[0.87864435 0.12135572]
[0 1],[0.12134608 0.8786539 ]
[1 0],[0.8786441 0.1213559]
[0 1],[0.12134596 0.87865406]
[1 0],[0.8786442  0.12135574]
[0 1],[0.12134607 0.878654  ]
[0 1],[0.12134604 0.878654  ]
[1 0],[0.8786442  0.12135582]
[1 0],[0.8786441  0.12135588]
[0 1],[0.121346 0.878654]
[1 0],[0.87864435 0.12135572]
[1 0],[0.8786442  0.12135573]
[0 1],[0.12134589 0.8786542 ]
[0 1],[0.12134602 0.878654  ]
[0 1],[0.12134606 0.8786539 ]
[0 1],[0.121346 0.878654]
[0 1],[0.12134621 0.8786538 ]
[0 1],[0.12134606 0.878654  ]
[0 1],[0.12134606 0.878654  ]
[1 0],[0.8786442  0.12135579]
[0 1],[0.12134598 0.878654  ]
[1 0],[0.8786442  0.12135579]
[0 1],[0.12134611 0.8786539 ]
[0 1],[0.12134594 0.87865406]
[0 1],[0.12134596 0.87865406]
[0 1],[0.12134606 0.8786539 ]
[1 0],[0.8786445  0.12135553]
[1 0],[0.8786442  0.12135579]
[1 0],[0.87864435 0.12135572]
[1 0],[0.8786442  0.12135582]
[0 1],[0.12134607 0.878654  ]
