[1 0],[0.83421904 0.165781  ]
[0 1],[0.17874435 0.8212557 ]
[0 1],[0.17782673 0.8221733 ]
[1 0],[0.8093172  0.19068286]
[0 1],[0.18059629 0.8194037 ]
[1 0],[0.8264798  0.17352018]
[1 0],[0.835037   0.16496302]
[0 1],[0.17898965 0.8210103 ]
[1 0],[0.7834444  0.21655561]
[1 0],[0.8356141  0.16438591]
[0 1],[0.20207721 0.79792273]
[1 0],[0.22792947 0.7720705 ]
[0 1],[0.17845388 0.82154614]
[1 0],[0.7409172 0.2590828]
[0 1],[0.17743759 0.8225624 ]
[1 0],[0.8348215  0.16517851]
[0 1],[0.17881386 0.82118607]
[0 1],[0.18047486 0.81952506]
[0 1],[0.18172513 0.8182749 ]
[0 1],[0.17837058 0.8216294 ]
[1 0],[0.8341696 0.1658304]
[1 0],[0.78800917 0.21199083]
[1 0],[0.8341527  0.16584729]
[0 1],[0.1781221  0.82187784]
[1 0],[0.5801878  0.41981223]
[0 1],[0.63355166 0.36644828]
[1 0],[0.7902369  0.20976312]
[0 1],[0.18231304 0.817687  ]
[1 0],[0.8345475  0.16545247]
[0 1],[0.18366718 0.8163328 ]
[1 0],[0.19221714 0.8077828 ]
[0 1],[0.18772757 0.8122724 ]
[1 0],[0.83541423 0.16458578]
[0 1],[0.17954366 0.8204563 ]
[1 0],[0.7652337  0.23476632]
[1 0],[0.22705445 0.7729455 ]
[0 1],[0.17766684 0.82233316]
[0 1],[0.1785436  0.82145643]
[0 1],[0.19793326 0.8020668 ]
[1 0],[0.7989584  0.20104158]
[1 0],[0.7740182  0.22598186]
[0 1],[0.21402147 0.7859785 ]
[1 0],[0.7707175  0.22928245]
[1 0],[0.83502114 0.16497886]
[0 1],[0.17779547 0.8222046 ]
[1 0],[0.7714389  0.22856106]
[0 1],[0.18071465 0.8192854 ]
[0 1],[0.1839444  0.81605554]
[1 0],[0.38001925 0.61998075]
[0 1],[0.18280777 0.8171922 ]
[1 0],[0.8270225 0.1729775]
[0 1],[0.17940141 0.82059854]
[1 0],[0.83491075 0.16508926]
[0 1],[0.18227008 0.81772995]
[1 0],[0.81746423 0.18253574]
[0 1],[0.17739904 0.82260096]
[1 0],[0.8045182 0.1954817]
[1 0],[0.82395715 0.17604285]
[1 0],[0.800488   0.19951206]
[1 0],[0.819834   0.18016599]
[0 1],[0.17955047 0.82044953]
[1 0],[0.79488945 0.20511054]
[0 1],[0.18388161 0.81611836]
[0 1],[0.18278591 0.81721413]
[0 1],[0.17918153 0.8208185 ]
[1 0],[0.8342855  0.16571453]
[0 1],[0.1897287  0.81027126]
[1 0],[0.7925006 0.2074994]
[0 1],[0.17797719 0.8220228 ]
[1 0],[0.76731706 0.23268296]
[0 1],[0.17779796 0.822202  ]
[1 0],[0.8258788  0.17412116]
[1 0],[0.81256104 0.18743896]
[0 1],[0.17813843 0.82186157]
[0 1],[0.22520259 0.77479744]
[1 0],[0.65992194 0.34007815]
[0 1],[0.1783707 0.8216293]
[1 0],[0.19575727 0.80424273]
[0 1],[0.18136817 0.8186318 ]
[0 1],[0.1788802 0.8211198]
[1 0],[0.78522706 0.21477295]
[1 0],[0.8195514  0.18044856]
[0 1],[0.46015283 0.53984714]
[0 1],[0.19211626 0.80788374]
[1 0],[0.82356006 0.17644   ]
[0 1],[0.8315152  0.16848476]
[1 0],[0.8351322 0.1648678]
[0 1],[0.647633   0.35236692]
[1 0],[0.80220425 0.1977958 ]
[0 1],[0.179894   0.82010597]
[1 0],[0.7296465 0.2703535]
[0 1],[0.18633997 0.81366   ]
[0 1],[0.18501717 0.8149829 ]
[1 0],[0.8350498  0.16495016]
[0 1],[0.19459611 0.80540395]
[1 0],[0.8348555  0.16514452]
[1 0],[0.60850716 0.3914929 ]
[0 1],[0.1776259 0.8223741]
[1 0],[0.8248963  0.17510374]
[0 1],[0.17797835 0.82202166]
[1 0],[0.70888466 0.29111528]
[1 0],[0.7921862  0.20781378]
[0 1],[0.18641311 0.8135869 ]
[1 0],[0.83255285 0.16744715]
[0 1],[0.18612266 0.81387734]
[1 0],[0.763847 0.236153]
[1 0],[0.8013654  0.19863465]
[0 1],[0.18068859 0.8193114 ]
[0 1],[0.18074211 0.8192579 ]
[1 0],[0.8344554  0.16554464]
[0 1],[0.18595754 0.81404245]
[0 1],[0.1900367 0.8099632]
[1 0],[0.7279899  0.27201012]
[0 1],[0.18091084 0.8190891 ]
[1 0],[0.7360195  0.26398045]
[0 1],[0.17828059 0.8217194 ]
[1 0],[0.83417207 0.16582792]
[0 1],[0.18172053 0.81827945]
[0 1],[0.18171214 0.8182878 ]
[0 1],[0.17835395 0.8216461 ]
[1 0],[0.83380824 0.16619171]
[1 0],[0.79263127 0.20736867]
[0 1],[0.17781197 0.82218796]
[0 1],[0.17752421 0.8224758 ]
[1 0],[0.7757864  0.22421353]
[1 0],[0.7598997  0.24010026]
[0 1],[0.18641482 0.81358516]
[1 0],[0.7779432  0.22205687]
[0 1],[0.18050711 0.8194929 ]
[1 0],[0.83477044 0.16522953]
[0 1],[0.18131636 0.8186837 ]
[1 0],[0.81421095 0.185789  ]
[0 1],[0.18920304 0.8107969 ]
[1 0],[0.7787895  0.22121051]
[0 1],[0.17801818 0.8219818 ]
[0 1],[0.76727635 0.23272358]
[0 1],[0.18054397 0.819456  ]
[0 1],[0.18007958 0.8199204 ]
[0 1],[0.18106455 0.81893545]
[1 0],[0.70989    0.29010996]
[0 1],[0.19123524 0.8087647 ]
[1 0],[0.8254622  0.17453778]
[0 1],[0.18062992 0.81937003]
[1 0],[0.83365446 0.1663455 ]
[0 1],[0.17698869 0.82301134]
[0 1],[0.17732702 0.82267296]
[1 0],[0.8350239  0.16497612]
[1 0],[0.7087195  0.29128054]
[0 1],[0.17827845 0.82172155]
[0 1],[0.1789097 0.8210903]
[1 0],[0.8331755  0.16682455]
[0 1],[0.18702404 0.81297594]
[1 0],[0.7120656  0.28793445]
[0 1],[0.17873897 0.821261  ]
[1 0],[0.83505577 0.16494423]
[0 1],[0.21690445 0.78309554]
[1 0],[0.8349148  0.16508512]
[0 1],[0.2468914 0.7531086]
[0 1],[0.7603948 0.2396052]
[1 0],[0.81417745 0.18582253]
[1 0],[0.7981895  0.20181045]
[1 0],[0.77585393 0.22414607]
[0 1],[0.18699118 0.81300884]
[0 1],[0.19426857 0.8057315 ]
[0 1],[0.18674192 0.81325805]
[1 0],[0.8060282  0.19397175]
[0 1],[0.1782004 0.8217996]
[1 0],[0.77782273 0.22217731]
[0 1],[0.25375113 0.7462489 ]
[0 1],[0.18035713 0.8196429 ]
[1 0],[0.817451 0.182549]
[1 0],[0.80528986 0.19471009]
[0 1],[0.21477543 0.78522456]
[0 1],[0.17903791 0.82096213]
[1 0],[0.8293874  0.17061251]
[0 1],[0.18512258 0.8148774 ]
[1 0],[0.79965466 0.20034528]
[0 1],[0.19521788 0.80478215]
[1 0],[0.8162044  0.18379554]
[0 1],[0.18303765 0.81696236]
[1 0],[0.78709185 0.21290816]
[0 1],[0.17956586 0.82043415]
[1 0],[0.82904804 0.17095196]
[0 1],[0.18036333 0.8196367 ]
[1 0],[0.8350779 0.1649221]
[0 1],[0.19604237 0.80395764]
[1 0],[0.80686647 0.19313352]
[0 1],[0.1829372 0.8170628]
[0 1],[0.17686862 0.82313144]
[1 0],[0.8340885 0.1659115]
[1 0],[0.79820937 0.20179063]
[0 1],[0.1817982 0.8182018]
[1 0],[0.79531324 0.20468676]
[1 0],[0.7397825  0.26021743]
[0 1],[0.1800074 0.8199926]
[1 0],[0.8287173  0.17128268]
[1 0],[0.78598654 0.21401349]
[0 1],[0.18068232 0.8193177 ]
[1 0],[0.8332831  0.16671684]
[0 1],[0.18292578 0.81707424]
[0 1],[0.18307741 0.8169226 ]
[1 0],[0.77152205 0.22847793]
[0 1],[0.18060234 0.8193976 ]
[1 0],[0.7280746  0.27192536]
[0 1],[0.18475066 0.8152493 ]
[1 0],[0.81988204 0.18011801]
[0 1],[0.7901751  0.20982493]
[1 0],[0.7705637  0.22943631]
[1 0],[0.8227094  0.17729065]
[0 1],[0.17796037 0.82203966]
[1 0],[0.8349746 0.1650254]
[0 1],[0.17812462 0.82187545]
[1 0],[0.7528759  0.24712415]
[0 1],[0.1915134 0.8084866]
[0 1],[0.2925588  0.70744115]
[1 0],[0.8092522  0.19074781]
[0 1],[0.1896529  0.81034714]
[0 1],[0.18632232 0.8136777 ]
[1 0],[0.8343873  0.16561268]
[1 0],[0.77370375 0.22629628]
[0 1],[0.17727816 0.8227218 ]
[0 1],[0.19083746 0.8091625 ]
[1 0],[0.8339786  0.16602138]
[0 1],[0.17846951 0.82153046]
[1 0],[0.8276851  0.17231485]
[1 0],[0.77778196 0.22221805]
[1 0],[0.8354676  0.16453245]
[0 1],[0.17998435 0.82001567]
[1 0],[0.8216066  0.17839347]
[0 1],[0.18671727 0.8132827 ]
[1 0],[0.8350517  0.16494827]
[0 1],[0.18336456 0.81663543]
[1 0],[0.7770319  0.22296815]
[0 1],[0.17888707 0.82111293]
[1 0],[0.8324871  0.16751291]
[1 0],[0.8045797  0.19542031]
[0 1],[0.19153345 0.80846655]
[1 0],[0.83461064 0.16538939]
[0 1],[0.20349082 0.79650915]
[1 0],[0.82039464 0.17960542]
[0 1],[0.17945686 0.82054317]
[0 1],[0.19519085 0.80480915]
[1 0],[0.8350151  0.16498482]
[0 1],[0.1850275  0.81497246]
[1 0],[0.70986545 0.29013452]
[1 0],[0.7749559  0.22504406]
[1 0],[0.78456897 0.21543111]
[1 0],[0.83519316 0.16480683]
[0 1],[0.18188077 0.81811917]
[1 0],[0.83492565 0.16507441]
[0 1],[0.18144442 0.81855565]
[1 0],[0.8355626  0.16443741]
[0 1],[0.17844756 0.8215525 ]
[1 0],[0.83550817 0.16449186]
[0 1],[0.19519974 0.8048003 ]
[1 0],[0.8151117  0.18488832]
[0 1],[0.18452774 0.81547225]
[0 1],[0.4273139 0.5726861]
[1 0],[0.7709367  0.22906327]
[1 0],[0.81777793 0.18222207]
[0 1],[0.17721434 0.82278574]
[1 0],[0.8344871  0.16551287]
[0 1],[0.17777033 0.8222296 ]
[0 1],[0.19393915 0.8060608 ]
[1 0],[0.8219618  0.17803816]
[0 1],[0.1779209 0.8220791]
[0 1],[0.17792323 0.8220768 ]
[0 1],[0.17833945 0.8216606 ]
[1 0],[0.8016968  0.19830324]
[0 1],[0.17807156 0.82192844]
[1 0],[0.7938831  0.20611688]
[1 0],[0.79765993 0.20234005]
[1 0],[0.81623936 0.18376064]
[0 1],[0.17951901 0.82048106]
[1 0],[0.79815245 0.20184752]
[0 1],[0.18830207 0.81169796]
[1 0],[0.83517784 0.16482212]
[0 1],[0.18522443 0.8147755 ]
[1 0],[0.8194849  0.18051511]
[0 1],[0.1825033  0.81749666]
[0 1],[0.17793345 0.82206655]
[1 0],[0.79674244 0.20325753]
[0 1],[0.19467022 0.80532974]
[1 0],[0.7859202  0.21407983]
[0 1],[0.18159813 0.8184019 ]
[1 0],[0.78585005 0.21414995]
[0 1],[0.20151785 0.7984822 ]
[1 0],[0.80547184 0.19452818]
[0 1],[0.19868803 0.80131197]
[1 0],[0.8348637  0.16513623]
[0 1],[0.17908548 0.82091457]
[1 0],[0.75035936 0.24964061]
[0 1],[0.1849639 0.8150362]
[1 0],[0.8341764  0.16582362]
[0 1],[0.17861542 0.82138455]
[1 0],[0.82445866 0.17554136]
[1 0],[0.82093406 0.17906594]
[0 1],[0.1926672  0.80733275]
[1 0],[0.83423233 0.16576765]
[0 1],[0.180309 0.819691]
[1 0],[0.80748665 0.19251336]
[0 1],[0.2791577  0.72084224]
[1 0],[0.30681756 0.6931824 ]
[1 0],[0.83574665 0.16425335]
[0 1],[0.17746067 0.8225393 ]
[1 0],[0.7441302  0.25586984]
[0 1],[0.22200543 0.7779946 ]
[1 0],[0.62531745 0.37468255]
[0 1],[0.1790776  0.82092243]
[1 0],[0.82895255 0.17104743]
[0 1],[0.1777724  0.82222766]
[1 0],[0.83375454 0.16624542]
[0 1],[0.18101901 0.818981  ]
[1 0],[0.833437   0.16656293]
[0 1],[0.17724255 0.8227575 ]
[1 0],[0.8310147  0.16898526]
[0 1],[0.20878138 0.7912186 ]
[1 0],[0.83474374 0.16525622]
[0 1],[0.17954758 0.8204524 ]
[0 1],[0.18453723 0.8154628 ]
[1 0],[0.63424516 0.36575484]
[0 1],[0.19581553 0.80418444]
[0 1],[0.17852378 0.8214762 ]
[1 0],[0.8348249  0.16517513]
[0 1],[0.17982751 0.8201725 ]
[0 1],[0.18574835 0.81425166]
[1 0],[0.83153343 0.16846655]
[0 1],[0.17729622 0.8227038 ]
[1 0],[0.8340262  0.16597383]
[1 0],[0.25723246 0.7427676 ]
[1 0],[0.8303268 0.1696732]
[1 0],[0.78346264 0.21653742]
[0 1],[0.1781334 0.8218666]
[1 0],[0.8056443 0.1943558]
[1 0],[0.82542276 0.1745773 ]
[0 1],[0.18442585 0.8155741 ]
[1 0],[0.7313455  0.26865453]
[0 1],[0.18563727 0.8143627 ]
[1 0],[0.71519554 0.28480443]
[0 1],[0.17947233 0.8205277 ]
[1 0],[0.83520097 0.164799  ]
[0 1],[0.18197682 0.8180232 ]
[1 0],[0.8349982  0.16500184]
[1 0],[0.83406717 0.16593283]
[0 1],[0.18179803 0.81820196]
[0 1],[0.17856894 0.82143104]
[1 0],[0.83431596 0.165684  ]
[1 0],[0.82041734 0.17958273]
[0 1],[0.26478276 0.7352172 ]
[1 0],[0.76307017 0.23692983]
[1 0],[0.79816    0.20184004]
[1 0],[0.8213113  0.17868876]
[1 0],[0.78339034 0.2166097 ]
[0 1],[0.18135044 0.8186496 ]
[1 0],[0.76081455 0.23918545]
[0 1],[0.18984926 0.81015074]
[1 0],[0.83468324 0.16531678]
[0 1],[0.18506163 0.81493837]
[1 0],[0.7778318  0.22216815]
[0 1],[0.18429558 0.8157044 ]
[1 0],[0.8094596 0.1905404]
[1 0],[0.7985675  0.20143257]
[0 1],[0.1791627 0.8208373]
[1 0],[0.81913406 0.18086585]
[1 0],[0.7454697  0.25453025]
[0 1],[0.17815728 0.82184273]
[1 0],[0.82121044 0.17878954]
[1 0],[0.8208589  0.17914115]
[0 1],[0.1781522 0.8218478]
[1 0],[0.82575744 0.17424257]
[0 1],[0.20154382 0.7984562 ]
[0 1],[0.19002306 0.80997694]
[1 0],[0.83026105 0.169739  ]
[0 1],[0.2102808 0.7897193]
[1 0],[0.8351111  0.16488893]
[1 0],[0.78745264 0.2125473 ]
[0 1],[0.17886192 0.8211381 ]
[1 0],[0.8175192  0.18248077]
[1 0],[0.7275635  0.27243644]
[0 1],[0.18552639 0.81447357]
[1 0],[0.69796985 0.30203015]
[1 0],[0.8258797  0.17412032]
[0 1],[0.18183981 0.8181602 ]
[1 0],[0.81456596 0.185434  ]
[0 1],[0.17939651 0.82060355]
[1 0],[0.8311149 0.1688851]
[1 0],[0.72710687 0.27289313]
[0 1],[0.18346728 0.81653273]
[0 1],[0.17802638 0.8219736 ]
[1 0],[0.78539973 0.21460031]
[0 1],[0.5473181  0.45268184]
[0 1],[0.17916943 0.8208306 ]
[1 0],[0.5733323 0.4266677]
[0 1],[0.18054502 0.81945497]
[1 0],[0.7970868  0.20291324]
[1 0],[0.8347695  0.16523045]
[0 1],[0.17794201 0.822058  ]
[0 1],[0.25201082 0.7479892 ]
[1 0],[0.83435494 0.165645  ]
[0 1],[0.18835863 0.81164134]
[0 1],[0.22454658 0.7754534 ]
[0 1],[0.19791001 0.80209005]
[1 0],[0.8342114  0.16578855]
[1 0],[0.81868196 0.18131806]
[0 1],[0.17734246 0.82265747]
[1 0],[0.83440524 0.1655948 ]
[0 1],[0.18060744 0.8193925 ]
[0 1],[0.18097824 0.8190218 ]
[1 0],[0.8237482  0.17625186]
[0 1],[0.17955036 0.8204496 ]
[1 0],[0.7210811  0.27891895]
[0 1],[0.18366136 0.81633866]
[0 1],[0.7948233  0.20517668]
[1 0],[0.7817184  0.21828164]
[0 1],[0.19037957 0.8096204 ]
[1 0],[0.7499639  0.25003606]
[1 0],[0.7946943  0.20530568]
[0 1],[0.1815983  0.81840163]
[1 0],[0.81854236 0.18145761]
[1 0],[0.83488184 0.16511819]
[0 1],[0.18163988 0.81836015]
[0 1],[0.18908668 0.8109133 ]
[0 1],[0.178275   0.82172495]
[1 0],[0.8345302 0.1654698]
[1 0],[0.8347462  0.16525379]
[0 1],[0.18731385 0.81268615]
[1 0],[0.7245081 0.2754919]
[0 1],[0.19316456 0.8068354 ]
[1 0],[0.79802334 0.20197672]
[0 1],[0.17797253 0.8220275 ]
[0 1],[0.20447771 0.79552233]
[1 0],[0.8347176  0.16528244]
[1 0],[0.8338846  0.16611537]
[1 0],[0.83395797 0.16604201]
[0 1],[0.18106633 0.81893367]
[0 1],[0.18300427 0.8169957 ]
[1 0],[0.83500606 0.16499391]
[1 0],[0.8077875  0.19221257]
[1 0],[0.79464996 0.20535004]
[0 1],[0.17774859 0.8222514 ]
[0 1],[0.18797553 0.81202453]
[1 0],[0.8341073  0.16589272]
[0 1],[0.17759386 0.8224061 ]
[0 1],[0.18190728 0.8180927 ]
[1 0],[0.8174073  0.18259276]
[1 0],[0.832881   0.16711906]
[1 0],[0.7687672  0.23123284]
[1 0],[0.74832654 0.2516735 ]
[0 1],[0.17822115 0.8217789 ]
[0 1],[0.18154728 0.81845266]
[1 0],[0.8336547  0.16634531]
[0 1],[0.17730626 0.8226937 ]
[0 1],[0.2119124 0.7880876]
[1 0],[0.8340683  0.16593164]
[0 1],[0.18529452 0.81470543]
[0 1],[0.18567757 0.8143224 ]
[1 0],[0.3570483  0.64295167]
[0 1],[0.18280263 0.8171974 ]
[1 0],[0.68516016 0.3148398 ]
[0 1],[0.18347988 0.81652015]
[1 0],[0.8343962  0.16560383]
[0 1],[0.19750042 0.80249953]
[0 1],[0.19849367 0.80150634]
[0 1],[0.18410465 0.8158954 ]
[1 0],[0.7820896  0.21791035]
[0 1],[0.18612024 0.8138797 ]
[1 0],[0.8346466  0.16535339]
[0 1],[0.18062471 0.81937534]
[1 0],[0.761363 0.238637]
[0 1],[0.19845079 0.8015492 ]
[1 0],[0.834078   0.16592194]
[0 1],[0.17859758 0.8214024 ]
[0 1],[0.17802188 0.8219781 ]
[1 0],[0.8152589  0.18474117]
[0 1],[0.1786443  0.82135576]
[1 0],[0.83445096 0.165549  ]
[1 0],[0.77940243 0.22059752]
[0 1],[0.1999498 0.8000502]
[1 0],[0.83436507 0.16563487]
[0 1],[0.17877047 0.8212296 ]
[1 0],[0.83547497 0.16452503]
[0 1],[0.18048784 0.8195121 ]
[1 0],[0.7660976  0.23390238]
[0 1],[0.18871045 0.81128955]
[1 0],[0.83448964 0.16551034]
[0 1],[0.17885505 0.82114494]
[0 1],[0.21936893 0.780631  ]
[1 0],[0.79892725 0.20107283]
[0 1],[0.18409711 0.81590295]
[0 1],[0.19738738 0.80261266]
[1 0],[0.8239344  0.17606558]
[0 1],[0.19000857 0.8099914 ]
[0 1],[0.18732244 0.81267756]
[1 0],[0.7622252  0.23777479]
[0 1],[0.18170932 0.8182907 ]
[0 1],[0.18135981 0.81864023]
[1 0],[0.80706066 0.19293934]
[1 0],[0.77800393 0.22199607]
[1 0],[0.83494365 0.16505632]
[0 1],[0.1781833  0.82181674]
[1 0],[0.7924546 0.2075454]
[0 1],[0.18531682 0.8146832 ]
[1 0],[0.83521914 0.16478081]
[0 1],[0.18106656 0.8189334 ]
[1 0],[0.65918744 0.34081265]
[0 1],[0.1820357  0.81796426]
[0 1],[0.17909025 0.8209098 ]
[1 0],[0.8297381 0.1702619]
[0 1],[0.18274333 0.8172567 ]
[1 0],[0.80305094 0.19694911]
[0 1],[0.17987373 0.82012635]
[1 0],[0.8346193  0.16538072]
[0 1],[0.17744184 0.82255816]
[0 1],[0.17785561 0.8221444 ]
[1 0],[0.7285646  0.27143535]
[0 1],[0.17958127 0.8204188 ]
[1 0],[0.79282665 0.2071733 ]
[0 1],[0.17947759 0.8205224 ]
[1 0],[0.8341093  0.16589072]
[0 1],[0.83351165 0.16648835]
[1 0],[0.83093655 0.1690634 ]
[0 1],[0.17732124 0.8226788 ]
[0 1],[0.21669374 0.78330624]
[1 0],[0.74317837 0.25682166]
[0 1],[0.1813456 0.8186544]
[0 1],[0.50812495 0.49187508]
[0 1],[0.18084504 0.819155  ]
[0 1],[0.18577377 0.8142262 ]
[1 0],[0.77798533 0.22201471]
[1 0],[0.8103044  0.18969561]
[1 0],[0.60575545 0.39424452]
[0 1],[0.18679002 0.81321007]
[0 1],[0.21776485 0.7822351 ]
[1 0],[0.83552223 0.16447775]
[0 1],[0.17990652 0.82009345]
[1 0],[0.83509845 0.16490154]
[0 1],[0.17783532 0.8221647 ]
[0 1],[0.18021865 0.81978136]
[1 0],[0.83426374 0.16573627]
[0 1],[0.17767534 0.8223247 ]
[0 1],[0.19495955 0.8050404 ]
[1 0],[0.8335975  0.16640252]
[0 1],[0.18051888 0.81948113]
[1 0],[0.8349105  0.16508947]
[1 0],[0.8350812  0.16491881]
[0 1],[0.18262859 0.8173714 ]
[1 0],[0.70375586 0.29624417]
[0 1],[0.507478   0.49252197]
[1 0],[0.80498445 0.19501548]
[0 1],[0.18422922 0.8157708 ]
[1 0],[0.8331551  0.16684493]
[0 1],[0.17776278 0.8222372 ]
[1 0],[0.8341388 0.1658612]
[0 1],[0.17789818 0.8221018 ]
[1 0],[0.83476937 0.16523069]
[0 1],[0.17718044 0.82281953]
[1 0],[0.6901444  0.30985558]
[1 0],[0.6687972  0.33120283]
[1 0],[0.82153195 0.17846802]
[0 1],[0.18668361 0.8133164 ]
[1 0],[0.83532304 0.164677  ]
[1 0],[0.73222905 0.26777098]
[1 0],[0.8351893  0.16481064]
[1 0],[0.8016247  0.19837534]
[1 0],[0.7490396  0.25096044]
[0 1],[0.18820862 0.81179136]
[1 0],[0.7792165  0.22078347]
[0 1],[0.66395533 0.33604464]
[1 0],[0.83467376 0.16532621]
[1 0],[0.8351434  0.16485664]
[1 0],[0.8148776  0.18512237]
[1 0],[0.8002877 0.1997123]
[0 1],[0.18174325 0.8182568 ]
[1 0],[0.74021494 0.25978503]
[0 1],[0.17917259 0.82082736]
[1 0],[0.8192219  0.18077813]
[0 1],[0.17958042 0.82041955]
[1 0],[0.8004271 0.1995729]
[0 1],[0.1796261  0.82037383]
[1 0],[0.8354151 0.1645849]
[0 1],[0.6911563  0.30884367]
[1 0],[0.83433604 0.16566402]
[0 1],[0.24860808 0.7513919 ]
[0 1],[0.18466623 0.8153338 ]
[1 0],[0.83387077 0.1661293 ]
[1 0],[0.83482134 0.16517869]
[1 0],[0.8351995 0.1648006]
[0 1],[0.183828   0.81617206]
[0 1],[0.19364622 0.80635375]
[1 0],[0.19870971 0.8012903 ]
[0 1],[0.19038688 0.8096131 ]
[0 1],[0.18033925 0.8196607 ]
[1 0],[0.7624709  0.23752913]
[0 1],[0.1808864 0.8191136]
[1 0],[0.8336071  0.16639292]
[1 0],[0.8341959  0.16580409]
[1 0],[0.71186876 0.28813124]
[0 1],[0.18332341 0.8166766 ]
[0 1],[0.17871466 0.82128537]
[1 0],[0.8298456  0.17015442]
[0 1],[0.18289693 0.8171031 ]
[0 1],[0.18115054 0.81884944]
[1 0],[0.8073155  0.19268447]
[0 1],[0.18470073 0.81529933]
[1 0],[0.833705   0.16629495]
[1 0],[0.77986914 0.22013083]
[0 1],[0.17811471 0.82188535]
[0 1],[0.17807087 0.82192916]
[1 0],[0.79303885 0.20696118]
[0 1],[0.17748888 0.8225112 ]
[0 1],[0.17970729 0.8202927 ]
[0 1],[0.20102489 0.79897517]
[1 0],[0.721119   0.27888095]
[1 0],[0.8200145  0.17998548]
[1 0],[0.83479345 0.16520654]
[0 1],[0.17978197 0.8202181 ]
[0 1],[0.17826498 0.821735  ]
[1 0],[0.83471364 0.16528638]
[0 1],[0.18090485 0.81909513]
[1 0],[0.8343418  0.16565815]
[0 1],[0.17753808 0.8224619 ]
[0 1],[0.23219855 0.76780146]
[1 0],[0.82302076 0.1769792 ]
[0 1],[0.19415925 0.80584073]
[0 1],[0.18050496 0.81949496]
[1 0],[0.8349948  0.16500528]
[0 1],[0.19073613 0.8092638 ]
[1 0],[0.7610744  0.23892562]
[0 1],[0.24480143 0.75519854]
[0 1],[0.17909612 0.82090384]
[1 0],[0.8321995 0.1678004]
[0 1],[0.17920916 0.8207908 ]
[1 0],[0.81750214 0.18249781]
[0 1],[0.17965172 0.8203483 ]
[1 0],[0.8348123  0.16518767]
[0 1],[0.21881078 0.7811892 ]
[1 0],[0.834081   0.16591893]
[0 1],[0.2069826 0.7930174]
[1 0],[0.8036052  0.19639477]
[1 0],[0.8343736  0.16562639]
