[1 0],[0.87857634 0.12142366]
[0 1],[0.12145627 0.87854373]
[0 1],[0.12145607 0.8785439 ]
[0 1],[0.12145605 0.8785439 ]
[0 1],[0.12145564 0.8785444 ]
[1 0],[0.87857676 0.12142326]
[0 1],[0.12145645 0.87854356]
[0 1],[0.1214561 0.8785439]
[0 1],[0.12145592 0.8785441 ]
[1 0],[0.87857634 0.12142366]
[1 0],[0.8785767  0.12142337]
[0 1],[0.1215262 0.8784738]
[1 0],[0.87857634 0.12142369]
[0 1],[0.12145622 0.87854373]
[1 0],[0.8785765  0.12142349]
[0 1],[0.1214561 0.8785439]
[1 0],[0.87857634 0.12142369]
[0 1],[0.12145686 0.8785432 ]
[0 1],[0.12145392 0.87854606]
[1 0],[0.87857634 0.12142369]
[0 1],[0.12145607 0.8785439 ]
[1 0],[0.87857634 0.12142369]
[1 0],[0.87857634 0.12142366]
[1 0],[0.87857634 0.12142366]
[0 1],[0.12145253 0.87854743]
[0 1],[0.12145631 0.87854373]
[1 0],[0.8785762  0.12142374]
[1 0],[0.8785764  0.12142359]
[0 1],[0.12145483 0.8785452 ]
[0 1],[0.12145575 0.8785443 ]
[0 1],[0.12145613 0.87854385]
[0 1],[0.12145618 0.87854385]
[0 1],[0.12145612 0.8785439 ]
[1 0],[0.8785765  0.12142353]
[0 1],[0.12145624 0.87854373]
[0 1],[0.12145621 0.87854373]
[0 1],[0.12145614 0.87854385]
[0 1],[0.12145605 0.8785439 ]
[1 0],[0.8785766  0.12142337]
[1 0],[0.8785769  0.12142318]
[1 0],[0.8785772  0.12142285]
[0 1],[0.12145622 0.87854373]
[1 0],[0.87857693 0.121423  ]
[1 0],[0.87857634 0.12142366]
[0 1],[0.12153049 0.87846947]
[0 1],[0.12145614 0.87854385]
[0 1],[0.12145612 0.8785439 ]
[1 0],[0.87857634 0.12142364]
[1 0],[0.8785767  0.12142332]
[0 1],[0.12145638 0.8785437 ]
[1 0],[0.87857634 0.12142366]
[0 1],[0.1214561 0.8785439]
[0 1],[0.12145621 0.87854373]
[1 0],[0.8785762  0.12142374]
[0 1],[0.12145631 0.87854373]
[1 0],[0.87857634 0.12142366]
[1 0],[0.87857634 0.12142366]
[0 1],[0.12145607 0.8785439 ]
[1 0],[0.8785762  0.12142382]
[1 0],[0.87857634 0.12142368]
[1 0],[0.87857634 0.12142364]
[1 0],[0.87857634 0.12142364]
[0 1],[0.12145618 0.87854385]
[1 0],[0.87857634 0.12142366]
[1 0],[0.8785767 0.1214233]
[0 1],[0.1214561 0.8785439]
[0 1],[0.12145612 0.8785439 ]
[1 0],[0.8785765  0.12142345]
[0 1],[0.12145621 0.87854385]
[0 1],[0.12145564 0.8785444 ]
[1 0],[0.8785764  0.12142356]
[1 0],[0.8785764  0.12142362]
[0 1],[0.12145612 0.8785439 ]
[0 1],[0.12145579 0.8785442 ]
[0 1],[0.12145618 0.87854385]
[0 1],[0.12145612 0.8785439 ]
[1 0],[0.87857634 0.12142369]
[1 0],[0.87857634 0.12142366]
[1 0],[0.87857634 0.12142369]
[1 0],[0.8785764  0.12142363]
[1 0],[0.87857634 0.12142364]
[0 1],[0.12145612 0.8785439 ]
[0 1],[0.12145523 0.87854475]
[1 0],[0.8785568  0.12144321]
[0 1],[0.12145639 0.87854356]
[0 1],[0.12145612 0.8785439 ]
[0 1],[0.12145459 0.8785454 ]
[1 0],[0.87857693 0.12142302]
[1 0],[0.87857705 0.12142298]
[1 0],[0.8785769  0.12142318]
[0 1],[0.12145034 0.87854964]
[0 1],[0.1214561 0.8785439]
[0 1],[0.12145635 0.8785437 ]
[0 1],[0.12145614 0.87854385]
[1 0],[0.87857634 0.12142366]
[1 0],[0.87857634 0.12142371]
[0 1],[0.12145188 0.87854815]
[0 1],[0.121456   0.87854403]
[1 0],[0.87857634 0.12142364]
[0 1],[0.121456   0.87854403]
[0 1],[0.12145621 0.87854385]
[0 1],[0.12145321 0.8785468 ]
[1 0],[0.87857634 0.12142369]
[1 0],[0.87857634 0.12142366]
[1 0],[0.87857634 0.12142364]
[1 0],[0.8785766  0.12142338]
[0 1],[0.12145612 0.8785439 ]
[0 1],[0.12145583 0.8785442 ]
[1 0],[0.8785765  0.12142354]
[1 0],[0.87857634 0.12142369]
[1 0],[0.878575   0.12142496]
[1 0],[0.87857705 0.12142298]
[1 0],[0.87857723 0.12142274]
[0 1],[0.1214561 0.8785439]
[1 0],[0.8785762  0.12142374]
[0 1],[0.12145609 0.8785439 ]
[0 1],[0.12145606 0.8785439 ]
[0 1],[0.12145271 0.87854725]
[1 0],[0.87857604 0.121424  ]
[0 1],[0.12145602 0.8785439 ]
[1 0],[0.87857634 0.12142366]
[1 0],[0.8785764  0.12142362]
[1 0],[0.87857634 0.12142366]
[1 0],[0.87857634 0.12142369]
[1 0],[0.8785764  0.12142362]
[1 0],[0.87857634 0.12142369]
[0 1],[0.12145614 0.87854385]
[1 0],[0.8785765  0.12142356]
[0 1],[0.12145662 0.8785434 ]
[0 1],[0.12145594 0.8785441 ]
[1 0],[0.8785764  0.12142359]
[0 1],[0.12145703 0.878543  ]
[0 1],[0.12145601 0.87854403]
[1 0],[0.87857634 0.12142369]
[1 0],[0.87857634 0.12142371]
[1 0],[0.8785764  0.12142356]
[0 1],[0.12145601 0.87854403]
[0 1],[0.12145638 0.8785437 ]
[0 1],[0.12145607 0.8785439 ]
[1 0],[0.8785765  0.12142349]
[1 0],[0.8785769  0.12142316]
[1 0],[0.87857634 0.12142369]
[0 1],[0.12145645 0.87854356]
[1 0],[0.87857634 0.12142365]
[0 1],[0.12145639 0.87854356]
[0 1],[0.12145668 0.8785434 ]
[0 1],[0.1214561 0.8785439]
[0 1],[0.12145618 0.87854385]
[1 0],[0.87857634 0.12142364]
[1 0],[0.87857705 0.12142298]
[0 1],[0.12145612 0.8785439 ]
[0 1],[0.12145586 0.8785441 ]
[1 0],[0.87857634 0.12142371]
[0 1],[0.12145607 0.8785439 ]
[0 1],[0.12145614 0.87854385]
[0 1],[0.12145621 0.87854385]
[1 0],[0.87857634 0.12142366]
[1 0],[0.87857634 0.12142371]
[0 1],[0.12145615 0.87854385]
[0 1],[0.12145612 0.8785439 ]
[0 1],[0.12145484 0.8785452 ]
[1 0],[0.87857634 0.12142364]
[0 1],[0.12145614 0.87854385]
[0 1],[0.12145611 0.8785439 ]
[0 1],[0.12145597 0.87854403]
[0 1],[0.12145349 0.8785465 ]
[1 0],[0.87857634 0.12142366]
[1 0],[0.87857634 0.12142366]
[1 0],[0.8785764  0.12142362]
[1 0],[0.87857634 0.12142369]
[1 0],[0.87857634 0.12142366]
[0 1],[0.12145612 0.8785439 ]
[1 0],[0.87857634 0.12142364]
[1 0],[0.87857634 0.12142365]
[1 0],[0.87857753 0.12142253]
[0 1],[0.12145614 0.87854385]
[1 0],[0.87857634 0.12142366]
[1 0],[0.8785764  0.12142355]
[0 1],[0.12145614 0.87854385]
[0 1],[0.12145621 0.87854385]
[0 1],[0.1214561 0.8785439]
[0 1],[0.12145602 0.87854403]
[0 1],[0.12145635 0.8785437 ]
[1 0],[0.87857634 0.12142366]
[0 1],[0.1214561 0.8785439]
[0 1],[0.12145612 0.8785439 ]
[0 1],[0.12145418 0.87854576]
[1 0],[0.87857735 0.1214227 ]
[1 0],[0.87857693 0.12142301]
[0 1],[0.12145657 0.87854344]
[1 0],[0.87857735 0.12142268]
[1 0],[0.87857753 0.12142248]
[0 1],[0.12145612 0.8785439 ]
[1 0],[0.87857634 0.12142366]
[0 1],[0.12145121 0.8785488 ]
[0 1],[0.12145602 0.8785439 ]
[1 0],[0.8785765  0.12142353]
[1 0],[0.8785774 0.1214226]
[1 0],[0.87857634 0.12142369]
[0 1],[0.12145583 0.8785442 ]
[0 1],[0.12145098 0.878549  ]
[1 0],[0.87857634 0.12142364]
[0 1],[0.12145344 0.8785465 ]
[1 0],[0.87857634 0.12142366]
[0 1],[0.12145614 0.87854385]
[0 1],[0.12148618 0.8785138 ]
[1 0],[0.87857634 0.12142366]
[0 1],[0.12145612 0.8785439 ]
[0 1],[0.1214558 0.8785442]
[0 1],[0.1214561 0.8785439]
[0 1],[0.12145619 0.87854385]
[1 0],[0.8785765  0.12142348]
[0 1],[0.12145594 0.8785441 ]
[0 1],[0.12145614 0.87854385]
[0 1],[0.12145618 0.87854385]
[1 0],[0.87857634 0.12142366]
[1 0],[0.8785764  0.12142356]
[1 0],[0.87857634 0.12142366]
[1 0],[0.8785759  0.12142403]
[1 0],[0.8785772  0.12142282]
[1 0],[0.8785765  0.12142354]
[0 1],[0.12145589 0.8785441 ]
[0 1],[0.12145534 0.8785447 ]
[0 1],[0.12145612 0.8785439 ]
[1 0],[0.8785772  0.12142285]
[1 0],[0.87857634 0.12142369]
[1 0],[0.87857634 0.12142369]
[1 0],[0.8785774  0.12142257]
[0 1],[0.12145614 0.87854385]
[0 1],[0.12145614 0.87854385]
[1 0],[0.87856215 0.12143788]
[0 1],[0.12145612 0.8785439 ]
[0 1],[0.12145612 0.8785439 ]
[0 1],[0.12145607 0.8785439 ]
[0 1],[0.12145612 0.8785439 ]
[0 1],[0.12145074 0.8785493 ]
[1 0],[0.87857634 0.12142366]
[0 1],[0.12145621 0.87854385]
[0 1],[0.12145631 0.87854373]
[0 1],[0.12145063 0.87854934]
[1 0],[0.87857634 0.12142366]
[0 1],[0.12145597 0.87854403]
[0 1],[0.12145607 0.8785439 ]
[0 1],[0.12145643 0.87854356]
[1 0],[0.87857634 0.12142364]
[1 0],[0.87857634 0.12142368]
[0 1],[0.12145613 0.87854385]
[1 0],[0.8785764  0.12142359]
[1 0],[0.87857634 0.12142364]
[1 0],[0.87857634 0.12142366]
[1 0],[0.8785769  0.12142313]
[0 1],[0.12145614 0.87854385]
[0 1],[0.12145657 0.8785434 ]
[1 0],[0.87857634 0.12142364]
[0 1],[0.12145743 0.87854254]
[1 0],[0.87857693 0.12142307]
[1 0],[0.87857634 0.12142369]
[0 1],[0.12145592 0.8785441 ]
[0 1],[0.12145614 0.87854385]
[0 1],[0.12145614 0.87854385]
[0 1],[0.12145633 0.8785437 ]
[1 0],[0.87857604 0.12142394]
[1 0],[0.87857634 0.12142366]
[0 1],[0.12145314 0.8785469 ]
[1 0],[0.8785765  0.12142354]
[0 1],[0.12145611 0.8785439 ]
[1 0],[0.87857634 0.12142369]
[1 0],[0.87857634 0.12142364]
[1 0],[0.8785762  0.12142374]
[0 1],[0.12145612 0.8785439 ]
[0 1],[0.12145524 0.87854475]
[1 0],[0.87857634 0.12142371]
[0 1],[0.12145614 0.87854385]
[1 0],[0.8785764  0.12142362]
[0 1],[0.12145621 0.87854373]
[0 1],[0.12145614 0.87854385]
[1 0],[0.8785764  0.12142359]
[0 1],[0.12145673 0.87854326]
[0 1],[0.12145271 0.87854725]
[0 1],[0.12145615 0.87854385]
[0 1],[0.12145607 0.8785439 ]
[0 1],[0.12145614 0.87854385]
[1 0],[0.87857705 0.12142295]
[0 1],[0.1214561 0.8785439]
[0 1],[0.12145564 0.8785444 ]
[1 0],[0.87857676 0.12142326]
[0 1],[0.1214579  0.87854207]
[1 0],[0.8785766  0.12142341]
[1 0],[0.8785764  0.12142363]
[1 0],[0.8785767  0.12142333]
[1 0],[0.87857676 0.12142324]
[1 0],[0.8785765  0.12142345]
[1 0],[0.87857634 0.12142366]
[1 0],[0.8785765  0.12142353]
[0 1],[0.12145612 0.8785439 ]
[1 0],[0.87857634 0.12142366]
[0 1],[0.12145615 0.87854385]
[0 1],[0.12145575 0.8785443 ]
[0 1],[0.12145609 0.8785439 ]
[1 0],[0.87857753 0.12142253]
[1 0],[0.8785772  0.12142289]
[1 0],[0.8785767  0.12142337]
[1 0],[0.87857413 0.1214259 ]
[1 0],[0.87857634 0.12142371]
[0 1],[0.12145612 0.8785439 ]
[1 0],[0.87857634 0.12142369]
[0 1],[0.12145573 0.8785443 ]
[1 0],[0.8785765  0.12142345]
[0 1],[0.12145618 0.87854385]
[1 0],[0.8785764  0.12142359]
[1 0],[0.8785765  0.12142351]
[0 1],[0.1214561 0.8785439]
[1 0],[0.8785765  0.12142349]
[0 1],[0.12145592 0.8785441 ]
[1 0],[0.87857634 0.12142364]
[0 1],[0.12145618 0.87854385]
[0 1],[0.12145576 0.8785442 ]
[0 1],[0.12145612 0.8785439 ]
[1 0],[0.8785766  0.12142338]
[1 0],[0.8785774  0.12142255]
[1 0],[0.87857604 0.12142392]
[1 0],[0.8785767  0.12142337]
[1 0],[0.8783221  0.12167788]
[0 1],[0.12145562 0.8785444 ]
[1 0],[0.87857634 0.12142371]
[0 1],[0.12145607 0.8785439 ]
[1 0],[0.87857634 0.12142364]
[1 0],[0.8785766  0.12142343]
[1 0],[0.8785765  0.12142349]
[1 0],[0.87857634 0.12142369]
[1 0],[0.87857723 0.12142272]
[1 0],[0.8785766  0.12142343]
[0 1],[0.12153909 0.87846094]
[0 1],[0.12145614 0.87854385]
[1 0],[0.87857634 0.12142369]
[1 0],[0.8785766  0.12142342]
[1 0],[0.8785764  0.12142359]
[1 0],[0.8785767  0.12142328]
[1 0],[0.87857634 0.12142366]
[1 0],[0.8785764  0.12142362]
[0 1],[0.12145614 0.87854385]
[1 0],[0.8785515  0.12144855]
[0 1],[0.12145583 0.8785441 ]
[0 1],[0.12145653 0.87854344]
[1 0],[0.8785767 0.1214233]
[0 1],[0.1214557 0.8785443]
[0 1],[0.12145602 0.8785439 ]
[0 1],[0.12145605 0.8785439 ]
[1 0],[0.87857634 0.12142364]
[0 1],[0.12145618 0.87854385]
[1 0],[0.87857735 0.12142268]
[1 0],[0.8785764  0.12142359]
[0 1],[0.12145369 0.8785463 ]
[0 1],[0.12145607 0.8785439 ]
[1 0],[0.87857634 0.12142369]
[1 0],[0.8785765  0.12142353]
[0 1],[0.12145612 0.8785439 ]
[0 1],[0.12145598 0.87854403]
[0 1],[0.12145439 0.8785456 ]
[0 1],[0.12145618 0.87854385]
[1 0],[0.87857634 0.12142364]
[0 1],[0.1214561 0.8785439]
[0 1],[0.12145564 0.8785444 ]
[1 0],[0.8785766  0.12142342]
[0 1],[0.1214561 0.8785439]
[1 0],[0.87857634 0.12142366]
[0 1],[0.12145392 0.8785461 ]
[0 1],[0.12145619 0.87854385]
[1 0],[0.8785766  0.12142345]
[0 1],[0.12145614 0.87854385]
[1 0],[0.8785772  0.12142289]
[1 0],[0.87857676 0.12142319]
[0 1],[0.12145647 0.87854356]
[1 0],[0.87857634 0.12142366]
[1 0],[0.87857634 0.12142371]
[0 1],[0.12145614 0.87854385]
[1 0],[0.87857634 0.12142369]
[0 1],[0.12145614 0.87854385]
[0 1],[0.12145606 0.8785439 ]
[1 0],[0.8785764  0.12142362]
[1 0],[0.8785765  0.12142349]
[0 1],[0.1214561 0.8785439]
[1 0],[0.8785762  0.12142374]
[0 1],[0.12145596 0.87854403]
[1 0],[0.8785764  0.12142362]
[0 1],[0.12145601 0.87854403]
[1 0],[0.8785765  0.12142349]
[0 1],[0.12145504 0.8785449 ]
[0 1],[0.12145614 0.87854385]
[0 1],[0.12145612 0.8785439 ]
[1 0],[0.8785772  0.12142285]
[1 0],[0.87857634 0.12142366]
[0 1],[0.12145612 0.8785439 ]
[1 0],[0.8785769 0.1214231]
[1 0],[0.87857634 0.12142369]
[0 1],[0.12145589 0.8785441 ]
[0 1],[0.12145621 0.87854373]
[0 1],[0.12145607 0.8785439 ]
[0 1],[0.12145614 0.87854385]
[1 0],[0.8785762  0.12142379]
[0 1],[0.12145602 0.87854403]
[1 0],[0.8785769 0.1214231]
[0 1],[0.12145589 0.8785441 ]
[1 0],[0.8785764  0.12142359]
[1 0],[0.87857634 0.12142366]
[0 1],[0.12145615 0.87854385]
[1 0],[0.87857634 0.12142366]
[0 1],[0.12145188 0.87854815]
[0 1],[0.1214561 0.8785439]
[0 1],[0.12145613 0.87854385]
[1 0],[0.87857634 0.12142366]
[1 0],[0.8785767  0.12142328]
[1 0],[0.87857634 0.12142365]
[0 1],[0.12146134 0.87853867]
[1 0],[0.8785764  0.12142356]
[1 0],[0.8785764 0.1214236]
[1 0],[0.87857723 0.12142278]
[1 0],[0.8785764  0.12142362]
[0 1],[0.12145635 0.8785437 ]
[1 0],[0.8785762  0.12142374]
[1 0],[0.87857246 0.1214276 ]
[0 1],[0.1214561 0.8785439]
[1 0],[0.87857634 0.12142371]
[0 1],[0.12145513 0.87854487]
[0 1],[0.12145614 0.87854385]
[1 0],[0.87857634 0.12142369]
[1 0],[0.87857753 0.12142249]
[1 0],[0.87810326 0.12189681]
[1 0],[0.8785764  0.12142359]
[1 0],[0.87857634 0.12142364]
[0 1],[0.12145573 0.8785443 ]
[0 1],[0.12145621 0.87854373]
[1 0],[0.8785767  0.12142337]
[1 0],[0.8785764  0.12142362]
[0 1],[0.12145615 0.87854385]
[1 0],[0.87857634 0.12142369]
[0 1],[0.12145217 0.8785478 ]
[0 1],[0.12145618 0.87854385]
[1 0],[0.87857723 0.12142274]
[1 0],[0.87857634 0.12142366]
[1 0],[0.87857634 0.12142369]
[1 0],[0.8785766  0.12142345]
[1 0],[0.87857634 0.12142369]
[0 1],[0.12145531 0.8785447 ]
[0 1],[0.12145333 0.8785467 ]
[0 1],[0.12145927 0.8785407 ]
[0 1],[0.12145592 0.8785441 ]
[1 0],[0.8785765  0.12142354]
[1 0],[0.8785762  0.12142377]
[1 0],[0.87857634 0.12142366]
[1 0],[0.8785755  0.12142447]
[1 0],[0.87857634 0.12142366]
[0 1],[0.12145575 0.8785443 ]
[1 0],[0.87857723 0.12142278]
[0 1],[0.12145612 0.8785439 ]
[0 1],[0.12145627 0.87854373]
[1 0],[0.87857634 0.12142371]
[0 1],[0.12145206 0.87854797]
[0 1],[0.12145607 0.8785439 ]
[0 1],[0.12145622 0.87854373]
[0 1],[0.12145564 0.8785444 ]
[1 0],[0.8785762  0.12142374]
[1 0],[0.87857634 0.12142369]
[1 0],[0.8785753  0.12142471]
[1 0],[0.87857634 0.12142364]
[0 1],[0.12145614 0.87854385]
[0 1],[0.12145589 0.8785441 ]
[0 1],[0.12145618 0.87854385]
[0 1],[0.12145614 0.87854385]
[0 1],[0.12145612 0.8785439 ]
[1 0],[0.87857634 0.12142366]
[1 0],[0.8785767  0.12142337]
[0 1],[0.12145606 0.8785439 ]
[1 0],[0.8785766  0.12142337]
[0 1],[0.12145452 0.87854546]
[0 1],[0.12145618 0.87854385]
[1 0],[0.8785766  0.12142342]
[0 1],[0.12145614 0.87854385]
[0 1],[0.12145542 0.87854457]
[1 0],[0.87857634 0.12142364]
[1 0],[0.8785764  0.12142362]
[1 0],[0.87857634 0.12142364]
[0 1],[0.12145612 0.8785439 ]
[1 0],[0.87857634 0.12142369]
[1 0],[0.87857693 0.12142305]
[1 0],[0.8785765  0.12142351]
[0 1],[0.12145597 0.87854403]
[0 1],[0.12145559 0.8785444 ]
[0 1],[0.12145472 0.8785453 ]
[0 1],[0.12145609 0.8785439 ]
[1 0],[0.87857634 0.12142364]
[0 1],[0.12145614 0.87854385]
[1 0],[0.87857616 0.12142392]
[0 1],[0.12145583 0.8785441 ]
[0 1],[0.12145573 0.8785443 ]
[0 1],[0.12145607 0.8785439 ]
[0 1],[0.1214561 0.8785439]
[1 0],[0.87857634 0.12142366]
[1 0],[0.8785711  0.12142891]
[1 0],[0.87857634 0.12142364]
[0 1],[0.12145618 0.87854385]
[1 0],[0.87857634 0.12142366]
[1 0],[0.8785764  0.12142359]
[0 1],[0.12145614 0.87854385]
[1 0],[0.8785764  0.12142363]
[1 0],[0.87857634 0.12142366]
[0 1],[0.12145602 0.87854403]
[1 0],[0.87857753 0.12142246]
[0 1],[0.12145614 0.87854385]
[0 1],[0.12145612 0.8785439 ]
[0 1],[0.12145618 0.87854385]
[1 0],[0.87857634 0.12142366]
[1 0],[0.8785765  0.12142353]
[1 0],[0.87857634 0.12142364]
[1 0],[0.87857634 0.12142369]
[1 0],[0.8785762  0.12142382]
[0 1],[0.12145086 0.87854916]
[0 1],[0.12145618 0.87854385]
[1 0],[0.87857634 0.12142369]
[1 0],[0.87857634 0.12142366]
[1 0],[0.8785764  0.12142359]
[1 0],[0.8785762  0.12142374]
[1 0],[0.8785764  0.12142359]
[0 1],[0.12145568 0.8785443 ]
[0 1],[0.12145612 0.8785439 ]
[1 0],[0.87857634 0.12142364]
[1 0],[0.8785764  0.12142363]
[0 1],[0.12145614 0.87854385]
[0 1],[0.12145628 0.87854373]
[0 1],[0.12145605 0.8785439 ]
[1 0],[0.87857634 0.12142371]
[0 1],[0.12145598 0.87854403]
[1 0],[0.87857616 0.12142386]
[1 0],[0.8785764  0.12142359]
[0 1],[0.12145568 0.8785443 ]
[0 1],[0.12145607 0.8785439 ]
[1 0],[0.8785765  0.12142349]
[1 0],[0.8785759 0.121424 ]
[0 1],[0.12145638 0.8785437 ]
[0 1],[0.12145612 0.8785439 ]
[1 0],[0.87857634 0.12142366]
[0 1],[0.12145583 0.8785441 ]
[0 1],[0.12145613 0.87854385]
[0 1],[0.12145549 0.87854445]
[0 1],[0.12145618 0.87854385]
[0 1],[0.12145614 0.87854385]
[0 1],[0.12145602 0.87854403]
[1 0],[0.87857634 0.12142366]
[0 1],[0.1214554  0.87854457]
[1 0],[0.87857676 0.12142326]
[1 0],[0.87857634 0.12142369]
[1 0],[0.8785762  0.12142377]
[0 1],[0.12145571 0.8785443 ]
[0 1],[0.12145595 0.87854403]
[0 1],[0.12145627 0.87854373]
[0 1],[0.12145453 0.87854546]
[1 0],[0.8785764  0.12142362]
[1 0],[0.87857634 0.12142366]
