[1 0],[0.86918736 0.1308126 ]
[0 1],[0.139355 0.860645]
[1 0],[0.8691983  0.13080165]
[1 0],[0.8677504  0.13224958]
[0 1],[0.13667184 0.8633281 ]
[1 0],[0.86878127 0.13121867]
[0 1],[0.14352621 0.85647374]
[1 0],[0.8692103  0.13078965]
[1 0],[0.8499166  0.15008341]
[1 0],[0.869206   0.13079397]
[0 1],[0.13731663 0.86268336]
[0 1],[0.13843161 0.8615684 ]
[0 1],[0.13956746 0.8604325 ]
[1 0],[0.8691962 0.1308038]
[0 1],[0.13770013 0.86229986]
[1 0],[0.8673677  0.13263232]
[0 1],[0.14031962 0.85968035]
[1 0],[0.86918014 0.13081983]
[0 1],[0.14161864 0.85838133]
[0 1],[0.16134986 0.8386501 ]
[1 0],[0.8692115  0.13078852]
[1 0],[0.8633947  0.13660537]
[0 1],[0.15024833 0.84975165]
[0 1],[0.13667673 0.8633232 ]
[1 0],[0.86919683 0.13080324]
[1 0],[0.8616629  0.13833714]
[0 1],[0.21179762 0.7882024 ]
[1 0],[0.8660301  0.13396996]
[0 1],[0.13742751 0.8625725 ]
[1 0],[0.86832154 0.13167843]
[0 1],[0.1380087 0.8619913]
[1 0],[0.8692048  0.13079518]
[1 0],[0.8595338  0.14046615]
[0 1],[0.13856417 0.86143583]
[1 0],[0.76971084 0.23028918]
[0 1],[0.14033054 0.85966945]
[1 0],[0.8686435 0.1313565]
[0 1],[0.13778727 0.8622127 ]
[0 1],[0.13860677 0.8613932 ]
[1 0],[0.868057   0.13194291]
[0 1],[0.13665666 0.8633433 ]
[1 0],[0.86800873 0.13199125]
[1 0],[0.86724764 0.13275239]
[0 1],[0.18242157 0.81757843]
[0 1],[0.13756743 0.86243254]
[1 0],[0.8682768 0.1317232]
[0 1],[0.14281459 0.8571855 ]
[1 0],[0.86758244 0.1324175 ]
[1 0],[0.86814255 0.13185742]
[0 1],[0.13787729 0.8621228 ]
[1 0],[0.86641175 0.13358824]
[0 1],[0.14183775 0.8581622 ]
[1 0],[0.86735857 0.13264143]
[1 0],[0.8691935  0.13080649]
[0 1],[0.13939573 0.8606043 ]
[1 0],[0.86592656 0.1340734 ]
[1 0],[0.8623524  0.13764755]
[0 1],[0.13783954 0.86216044]
[1 0],[0.8658457  0.13415433]
[0 1],[0.14039725 0.85960275]
[1 0],[0.868542   0.13145795]
[1 0],[0.8691909  0.13080919]
[0 1],[0.14572783 0.8542722 ]
[1 0],[0.7973501  0.20264986]
[0 1],[0.13759756 0.8624025 ]
[0 1],[0.15787633 0.8421237 ]
[1 0],[0.15676382 0.8432362 ]
[0 1],[0.13772479 0.8622752 ]
[1 0],[0.8382234  0.16177662]
[0 1],[0.13805498 0.861945  ]
[0 1],[0.13807276 0.8619273 ]
[1 0],[0.8692123  0.13078772]
[0 1],[0.13766032 0.8623396 ]
[1 0],[0.8642545  0.13574545]
[0 1],[0.532925 0.467075]
[1 0],[0.8692078  0.13079217]
[0 1],[0.14491577 0.85508424]
[1 0],[0.8673724  0.13262759]
[0 1],[0.8671898 0.1328102]
[1 0],[0.8692053  0.13079475]
[1 0],[0.8652429  0.13475707]
[1 0],[0.8643667  0.13563327]
[0 1],[0.13736272 0.86263734]
[1 0],[0.84539384 0.15460616]
[0 1],[0.14016269 0.8598373 ]
[1 0],[0.8692022  0.13079776]
[0 1],[0.14272833 0.8572717 ]
[1 0],[0.8691905  0.13080953]
[1 0],[0.8691995  0.13080053]
[0 1],[0.19888683 0.8011131 ]
[1 0],[0.8664895  0.13351052]
[0 1],[0.13666199 0.863338  ]
[0 1],[0.13806708 0.86193293]
[0 1],[0.13885012 0.86114985]
[1 0],[0.86913216 0.13086785]
[0 1],[0.14312857 0.8568715 ]
[1 0],[0.8652656  0.13473445]
[1 0],[0.8626312 0.1373688]
[1 0],[0.8690137  0.13098623]
[0 1],[0.1374225  0.86257756]
[1 0],[0.86920816 0.13079178]
[0 1],[0.1400805 0.8599194]
[1 0],[0.8637665  0.13623354]
[0 1],[0.14344 0.85656]
[0 1],[0.13879289 0.8612071 ]
[1 0],[0.8641379  0.13586213]
[1 0],[0.86917466 0.1308253 ]
[1 0],[0.8692023  0.13079768]
[0 1],[0.13971317 0.86028683]
[1 0],[0.84162307 0.1583769 ]
[1 0],[0.86914295 0.13085705]
[0 1],[0.13731684 0.8626832 ]
[1 0],[0.8656582  0.13434184]
[1 0],[0.8692071  0.13079298]
[1 0],[0.8622206  0.13777943]
[1 0],[0.86334616 0.13665387]
[0 1],[0.14320657 0.85679346]
[0 1],[0.13770986 0.86229014]
[0 1],[0.13825299 0.86174697]
[1 0],[0.8633798  0.13662024]
[0 1],[0.1367233  0.86327666]
[1 0],[0.868709   0.13129096]
[0 1],[0.18712282 0.8128772 ]
[1 0],[0.8646362  0.13536376]
[0 1],[0.14004214 0.8599579 ]
[1 0],[0.8499829  0.15001708]
[0 1],[0.13820769 0.8617923 ]
[1 0],[0.8444514 0.1555486]
[0 1],[0.1377607 0.8622393]
[1 0],[0.86898506 0.13101494]
[1 0],[0.86383593 0.13616405]
[0 1],[0.13664466 0.86335534]
[1 0],[0.86921006 0.13078998]
[0 1],[0.13833652 0.8616635 ]
[1 0],[0.84843934 0.15156066]
[1 0],[0.8692087  0.13079126]
[0 1],[0.13782217 0.8621778 ]
[0 1],[0.14106494 0.85893506]
[1 0],[0.86740065 0.1325994 ]
[0 1],[0.13661969 0.86338025]
[0 1],[0.13779016 0.8622098 ]
[1 0],[0.86920816 0.1307918 ]
[0 1],[0.14119117 0.8588089 ]
[0 1],[0.16434118 0.8356588 ]
[0 1],[0.14495827 0.8550418 ]
[1 0],[0.8655699  0.13443013]
[0 1],[0.13941056 0.8605895 ]
[1 0],[0.8625331  0.13746688]
[0 1],[0.13885045 0.8611496 ]
[1 0],[0.86820537 0.13179465]
[0 1],[0.13931683 0.86068314]
[1 0],[0.8643653  0.13563477]
[0 1],[0.14634366 0.85365635]
[0 1],[0.16706108 0.8329389 ]
[0 1],[0.1418559  0.85814416]
[1 0],[0.86821175 0.13178827]
[1 0],[0.86412185 0.13587813]
[1 0],[0.86374813 0.1362518 ]
[1 0],[0.86849064 0.13150936]
[1 0],[0.8659838  0.13401626]
[0 1],[0.13742375 0.8625762 ]
[0 1],[0.14163041 0.8583696 ]
[1 0],[0.869096   0.13090408]
[1 0],[0.8687862  0.13121377]
[0 1],[0.13926727 0.86073273]
[0 1],[0.15592457 0.84407544]
[1 0],[0.86653453 0.1334655 ]
[0 1],[0.13859463 0.8614053 ]
[1 0],[0.8686127  0.13138726]
[1 0],[0.8692069  0.13079305]
[0 1],[0.14179717 0.8582028 ]
[0 1],[0.1428119 0.8571881]
[1 0],[0.8643734  0.13562658]
[0 1],[0.13667654 0.8633235 ]
[1 0],[0.868938 0.131062]
[0 1],[0.13831758 0.8616825 ]
[1 0],[0.8660768  0.13392313]
[0 1],[0.14334795 0.8566521 ]
[1 0],[0.86264825 0.1373518 ]
[1 0],[0.8497927  0.15020728]
[0 1],[0.13845 0.86155]
[1 0],[0.8690133 0.1309867]
[0 1],[0.13768497 0.86231506]
[1 0],[0.8618024  0.13819754]
[0 1],[0.13801228 0.86198777]
[1 0],[0.86914045 0.13085951]
[0 1],[0.13829465 0.8617053 ]
[1 0],[0.82787883 0.17212123]
[0 1],[0.14280514 0.85719484]
[1 0],[0.86825633 0.13174364]
[0 1],[0.13789095 0.86210907]
[1 0],[0.8632907  0.13670926]
[0 1],[0.13909492 0.86090505]
[1 0],[0.8480073  0.15199268]
[0 1],[0.13907711 0.8609229 ]
[1 0],[0.86787707 0.13212289]
[0 1],[0.8669019  0.13309816]
[1 0],[0.8613494  0.13865057]
[1 0],[0.8689004  0.13109955]
[1 0],[0.8692007  0.13079932]
[0 1],[0.13839532 0.8616047 ]
[1 0],[0.84983367 0.15016627]
[0 1],[0.1461695 0.8538305]
[1 0],[0.8686295  0.13137051]
[0 1],[0.1402708 0.8597292]
[1 0],[0.8675057  0.13249426]
[1 0],[0.86495376 0.13504618]
[0 1],[0.14039129 0.85960865]
[1 0],[0.8691934  0.13080655]
[0 1],[0.14919807 0.8508019 ]
[1 0],[0.86395985 0.13604018]
[0 1],[0.13825434 0.86174566]
[0 1],[0.13788864 0.86211133]
[1 0],[0.8691897  0.13081028]
[0 1],[0.13678831 0.86321163]
[1 0],[0.86209166 0.13790835]
[0 1],[0.1365793 0.8634207]
[1 0],[0.86919296 0.13080706]
[1 0],[0.86845714 0.13154289]
[0 1],[0.13945353 0.86054647]
[0 1],[0.15565631 0.8443436 ]
[1 0],[0.86366385 0.13633616]
[0 1],[0.13840815 0.8615918 ]
[1 0],[0.86870813 0.13129191]
[0 1],[0.13763617 0.8623638 ]
[1 0],[0.84541786 0.15458219]
[0 1],[0.13868347 0.8613165 ]
[1 0],[0.86795354 0.13204642]
[0 1],[0.14676215 0.85323787]
[0 1],[0.13788685 0.8621132 ]
[1 0],[0.86882645 0.1311736 ]
[1 0],[0.8634504  0.13654962]
[0 1],[0.14916931 0.85083073]
[1 0],[0.8692016  0.13079838]
[0 1],[0.14208756 0.8579125 ]
[0 1],[0.1366391 0.8633609]
[1 0],[0.865858   0.13414198]
[0 1],[0.14127864 0.8587214 ]
[0 1],[0.13666055 0.8633395 ]
[1 0],[0.86897683 0.13102314]
[1 0],[0.8669996  0.13300036]
[0 1],[0.13740218 0.8625979 ]
[1 0],[0.8691652  0.13083479]
[0 1],[0.15084898 0.84915096]
[1 0],[0.86921525 0.1307847 ]
[0 1],[0.139622   0.86037797]
[0 1],[0.14430717 0.8556928 ]
[0 1],[0.16704991 0.8329501 ]
[0 1],[0.13805068 0.8619493 ]
[1 0],[0.8686493  0.13135071]
[0 1],[0.13664755 0.8633525 ]
[1 0],[0.8691986 0.1308014]
[0 1],[0.13854475 0.8614552 ]
[0 1],[0.13759637 0.86240363]
[1 0],[0.1526213 0.8473787]
[0 1],[0.14149451 0.8585055 ]
[1 0],[0.8658151  0.13418494]
[0 1],[0.13710217 0.8628979 ]
[1 0],[0.869186   0.13081397]
[0 1],[0.13728565 0.86271435]
[0 1],[0.13675372 0.8632463 ]
[1 0],[0.8680724 0.1319276]
[1 0],[0.86536574 0.13463423]
[1 0],[0.8672797  0.13272023]
[0 1],[0.1377876 0.8622124]
[1 0],[0.86744267 0.13255729]
[1 0],[0.8692066  0.13079333]
[1 0],[0.8674721  0.13252786]
[0 1],[0.1431962  0.85680383]
[1 0],[0.824303   0.17569703]
[0 1],[0.13940105 0.8605989 ]
[1 0],[0.86243105 0.13756898]
[0 1],[0.13805936 0.8619406 ]
[1 0],[0.8617402  0.13825987]
[1 0],[0.8680229 0.1319771]
[0 1],[0.15335323 0.84664685]
[0 1],[0.13845058 0.86154944]
[1 0],[0.8507209  0.14927916]
[1 0],[0.8691867  0.13081326]
[0 1],[0.13754354 0.8624564 ]
[0 1],[0.14095855 0.8590415 ]
[0 1],[0.1381978 0.8618022]
[0 1],[0.1392139 0.8607861]
[1 0],[0.8663528  0.13364725]
[0 1],[0.14073299 0.859267  ]
[1 0],[0.8667427  0.13325731]
[0 1],[0.14968348 0.8503165 ]
[0 1],[0.13666165 0.86333835]
[0 1],[0.13666528 0.8633347 ]
[1 0],[0.8624323  0.13756777]
[0 1],[0.13667306 0.86332697]
[1 0],[0.8648989  0.13510112]
[1 0],[0.84916997 0.15083003]
[0 1],[0.13938443 0.8606156 ]
[0 1],[0.13786674 0.8621332 ]
[1 0],[0.8691933  0.13080667]
[0 1],[0.13666356 0.8633365 ]
[1 0],[0.8691578  0.13084222]
[1 0],[0.8686831  0.13131683]
[0 1],[0.13666722 0.8633328 ]
[1 0],[0.8688286  0.13117138]
[0 1],[0.13672283 0.86327714]
[0 1],[0.14520301 0.85479707]
[0 1],[0.13902889 0.86097115]
[1 0],[0.86880213 0.13119781]
[0 1],[0.13775043 0.86224955]
[1 0],[0.8691832 0.1308168]
[1 0],[0.8691969  0.13080311]
[0 1],[0.13783811 0.8621618 ]
[1 0],[0.17254117 0.82745886]
[0 1],[0.13861957 0.8613804 ]
[1 0],[0.8691843 0.1308157]
[0 1],[0.13664363 0.86335635]
[1 0],[0.15155622 0.8484438 ]
[1 0],[0.86906725 0.1309328 ]
[0 1],[0.13938479 0.8606152 ]
[1 0],[0.86496145 0.1350386 ]
[0 1],[0.13741396 0.8625861 ]
[1 0],[0.86413157 0.13586846]
[0 1],[0.13957004 0.86043   ]
[0 1],[0.13800329 0.8619967 ]
[1 0],[0.86257327 0.13742676]
[0 1],[0.14213097 0.857869  ]
[1 0],[0.84342366 0.15657635]
[0 1],[0.13794266 0.8620574 ]
[0 1],[0.13794126 0.8620587 ]
[1 0],[0.86919916 0.13080084]
[0 1],[0.14012378 0.85987616]
[1 0],[0.8692106 0.1307894]
[1 0],[0.858902   0.14109798]
[1 0],[0.86919355 0.13080643]
[1 0],[0.86848515 0.13151486]
[0 1],[0.13766949 0.8623305 ]
[0 1],[0.15293333 0.8470667 ]
[0 1],[0.13823853 0.8617615 ]
[1 0],[0.86739504 0.13260494]
[1 0],[0.86842424 0.13157573]
[0 1],[0.13867503 0.8613249 ]
[1 0],[0.8535149  0.14648516]
[0 1],[0.14401837 0.85598165]
[0 1],[0.1412211 0.8587789]
[1 0],[0.86234343 0.13765657]
[0 1],[0.14384313 0.8561569 ]
[0 1],[0.13667059 0.86332947]
[0 1],[0.13930514 0.8606949 ]
[0 1],[0.13670772 0.86329234]
[1 0],[0.86442477 0.13557516]
[1 0],[0.84813523 0.15186472]
[1 0],[0.8685289 0.1314711]
[1 0],[0.8687811  0.13121895]
[0 1],[0.13768868 0.86231136]
[1 0],[0.861516 0.138484]
[0 1],[0.13761412 0.8623859 ]
[1 0],[0.8692031  0.13079683]
[0 1],[0.1371758 0.8628242]
[1 0],[0.8646282 0.1353718]
[0 1],[0.13875143 0.8612486 ]
[1 0],[0.8691018  0.13089822]
[1 0],[0.86918706 0.13081293]
[0 1],[0.19281267 0.8071873 ]
[1 0],[0.8511744 0.1488256]
[1 0],[0.8692043 0.1307957]
[1 0],[0.86420506 0.1357949 ]
[0 1],[0.13793254 0.86206746]
[0 1],[0.15243837 0.8475616 ]
[1 0],[0.84686726 0.15313277]
[0 1],[0.14252588 0.85747415]
[0 1],[0.1366597 0.8633403]
[1 0],[0.8686981  0.13130182]
[0 1],[0.13923466 0.8607654 ]
[1 0],[0.86535066 0.13464932]
[0 1],[0.14086342 0.8591366 ]
[0 1],[0.14100187 0.8589981 ]
[1 0],[0.8691961  0.13080396]
[1 0],[0.8627645  0.13723557]
[0 1],[0.13665713 0.8633429 ]
[1 0],[0.86562973 0.13437027]
[0 1],[0.14709106 0.8529089 ]
[1 0],[0.86904573 0.13095431]
[0 1],[0.1379268 0.8620732]
[1 0],[0.86368036 0.13631962]
[0 1],[0.14019537 0.85980463]
[0 1],[0.13690677 0.86309326]
[0 1],[0.86365676 0.13634333]
[1 0],[0.84579545 0.15420456]
[0 1],[0.17703596 0.822964  ]
[1 0],[0.863593   0.13640699]
[0 1],[0.13743173 0.8625682 ]
[1 0],[0.8665552  0.13344474]
[0 1],[0.14456323 0.85543674]
[0 1],[0.13831604 0.86168396]
[1 0],[0.8639806  0.13601936]
[0 1],[0.15118867 0.8488113 ]
[1 0],[0.84463453 0.15536542]
[0 1],[0.25382575 0.7461742 ]
[1 0],[0.86910486 0.13089515]
[0 1],[0.1366921 0.8633079]
[1 0],[0.8691799  0.13082007]
[0 1],[0.14131011 0.85868984]
[1 0],[0.86814344 0.13185655]
[0 1],[0.16107814 0.83892184]
[1 0],[0.8633753  0.13662465]
[0 1],[0.21545833 0.78454167]
[1 0],[0.8639523  0.13604768]
[0 1],[0.13893324 0.86106676]
[1 0],[0.8692007  0.13079931]
[0 1],[0.1387616  0.86123836]
[1 0],[0.86585414 0.13414581]
[0 1],[0.13768376 0.86231625]
[0 1],[0.13706303 0.862937  ]
[0 1],[0.1402398  0.85976017]
[1 0],[0.8691796  0.13082036]
[0 1],[0.13669963 0.8633003 ]
[0 1],[0.1390871 0.8609129]
[1 0],[0.86919427 0.1308057 ]
[0 1],[0.1452583  0.85474175]
[1 0],[0.8691942  0.13080584]
[0 1],[0.14738205 0.852618  ]
[0 1],[0.14165735 0.8583427 ]
[1 0],[0.8674092  0.13259077]
[0 1],[0.1366936  0.86330646]
[1 0],[0.8690945  0.13090546]
[0 1],[0.16409138 0.8359086 ]
[1 0],[0.84410673 0.15589324]
[0 1],[0.13857745 0.8614226 ]
[1 0],[0.86919194 0.13080801]
[0 1],[0.29704973 0.7029503 ]
[1 0],[0.8478214  0.15217854]
[0 1],[0.13672186 0.8632781 ]
[1 0],[0.8643105  0.13568948]
[0 1],[0.13665958 0.8633404 ]
[1 0],[0.869184   0.13081595]
[1 0],[0.8691869  0.13081308]
[0 1],[0.13760994 0.8623901 ]
[1 0],[0.8505859  0.14941414]
[0 1],[0.14026892 0.85973114]
[1 0],[0.8692036  0.13079633]
[1 0],[0.8650479  0.13495211]
[0 1],[0.14325696 0.8567431 ]
[1 0],[0.14309843 0.8569016 ]
[1 0],[0.86680263 0.13319737]
[0 1],[0.1391368  0.86086315]
[1 0],[0.8691543  0.13084571]
[1 0],[0.8688001  0.13119991]
[1 0],[0.86920846 0.13079153]
[0 1],[0.13852727 0.8614727 ]
[0 1],[0.13796349 0.86203647]
[1 0],[0.8667098  0.13329017]
[0 1],[0.13666563 0.86333436]
[0 1],[0.14041455 0.8595854 ]
[1 0],[0.86913854 0.13086143]
[1 0],[0.8691956 0.1308045]
[1 0],[0.86918557 0.13081446]
[0 1],[0.14207985 0.85792017]
[1 0],[0.86918485 0.13081518]
[1 0],[0.8667496 0.1332504]
[0 1],[0.14314422 0.8568558 ]
[1 0],[0.8628741  0.13712597]
[0 1],[0.13852514 0.8614749 ]
[0 1],[0.14727959 0.8527204 ]
[0 1],[0.14430447 0.8556956 ]
[0 1],[0.14040773 0.85959226]
[1 0],[0.8350728 0.1649272]
[1 0],[0.86434513 0.13565479]
[1 0],[0.16887602 0.83112395]
[1 0],[0.8570627  0.14293733]
[0 1],[0.15803899 0.84196097]
[1 0],[0.8691807  0.13081928]
[0 1],[0.13666673 0.8633333 ]
[1 0],[0.8691789  0.13082112]
[0 1],[0.13712245 0.86287755]
[1 0],[0.86919016 0.1308098 ]
[0 1],[0.13756351 0.8624365 ]
[0 1],[0.13795595 0.8620441 ]
[1 0],[0.8691961  0.13080387]
[0 1],[0.13665651 0.8633435 ]
[1 0],[0.8643709  0.13562913]
[0 1],[0.13950485 0.8604951 ]
[1 0],[0.8691625  0.13083753]
[1 0],[0.86916816 0.1308318 ]
[1 0],[0.8690288  0.13097122]
[0 1],[0.5336883  0.46631163]
[1 0],[0.85208213 0.14791788]
[0 1],[0.13942523 0.86057484]
[0 1],[0.27367643 0.72632366]
[1 0],[0.13861087 0.86138916]
[0 1],[0.15367019 0.8463298 ]
[0 1],[0.1534627 0.8465373]
[1 0],[0.86796767 0.13203236]
[0 1],[0.15325604 0.846744  ]
[1 0],[0.86920655 0.13079348]
[0 1],[0.13902766 0.8609724 ]
[1 0],[0.86288375 0.13711628]
[0 1],[0.13825141 0.8617486 ]
[1 0],[0.8667547  0.13324533]
[0 1],[0.13753124 0.86246884]
[1 0],[0.8640367  0.13596332]
[1 0],[0.8692041  0.13079593]
[1 0],[0.8671299  0.13287011]
[0 1],[0.14049228 0.85950774]
[1 0],[0.8692101 0.1307899]
[1 0],[0.8475937  0.15240629]
[0 1],[0.13853496 0.86146504]
[0 1],[0.13874659 0.8612534 ]
[1 0],[0.86271495 0.13728504]
[0 1],[0.13666819 0.8633318 ]
[1 0],[0.8692129  0.13078706]
[0 1],[0.13668956 0.86331046]
[1 0],[0.8582609  0.14173907]
[0 1],[0.13666925 0.8633307 ]
[0 1],[0.13865852 0.8613415 ]
[1 0],[0.8675462  0.13245372]
[0 1],[0.13810109 0.8618989 ]
[0 1],[0.1373941 0.8626059]
[1 0],[0.8669117  0.13308828]
[0 1],[0.8686908  0.13130923]
[1 0],[0.8691458  0.13085419]
[0 1],[0.1366429  0.86335707]
[0 1],[0.15578894 0.8442111 ]
[0 1],[0.1389542  0.86104584]
[0 1],[0.14343542 0.85656464]
[1 0],[0.86718863 0.13281135]
[1 0],[0.86917555 0.13082448]
[0 1],[0.25414047 0.74585956]
[1 0],[0.86206853 0.13793145]
[0 1],[0.13864905 0.86135095]
[1 0],[0.86348176 0.13651823]
[0 1],[0.13806123 0.8619388 ]
[0 1],[0.13881871 0.86118126]
[1 0],[0.86750734 0.13249263]
[0 1],[0.15035607 0.84964395]
[1 0],[0.867601   0.13239905]
[0 1],[0.14583611 0.85416394]
[1 0],[0.8682987  0.13170125]
[0 1],[0.14045678 0.8595432 ]
[1 0],[0.869188   0.13081196]
[1 0],[0.86891323 0.13108677]
[0 1],[0.13744086 0.8625592 ]
[1 0],[0.86920387 0.13079613]
[0 1],[0.1375802 0.8624198]
[0 1],[0.14085068 0.8591493 ]
[0 1],[0.17372075 0.8262793 ]
[1 0],[0.863508   0.13649201]
[1 0],[0.8691877  0.13081229]
[1 0],[0.8692053  0.13079475]
[0 1],[0.13665634 0.86334366]
[1 0],[0.8463568  0.15364316]
[0 1],[0.13715649 0.8628435 ]
[1 0],[0.838803   0.16119699]
[0 1],[0.1615753  0.83842474]
[1 0],[0.86484134 0.13515869]
[0 1],[0.13663311 0.86336684]
[0 1],[0.15226284 0.84773713]
[1 0],[0.86920005 0.13079998]
[0 1],[0.13809533 0.8619047 ]
[1 0],[0.86830646 0.13169354]
[0 1],[0.13709274 0.8629073 ]
[1 0],[0.85040504 0.14959499]
[1 0],[0.8691843  0.13081573]
[0 1],[0.13761595 0.862384  ]
[1 0],[0.8636286  0.13637136]
[0 1],[0.82727826 0.17272174]
[0 1],[0.14446293 0.8555371 ]
[1 0],[0.8692083  0.13079171]
[0 1],[0.15766118 0.8423388 ]
[1 0],[0.8647676  0.13523237]
[0 1],[0.14172933 0.8582707 ]
[1 0],[0.8494626  0.15053737]
[0 1],[0.13774602 0.8622539 ]
[1 0],[0.8688023 0.1311977]
[0 1],[0.13816594 0.86183405]
[1 0],[0.8692078  0.13079219]
[0 1],[0.15522975 0.8447702 ]
[1 0],[0.8691759  0.13082413]
[0 1],[0.13828813 0.86171186]
[1 0],[0.86918736 0.13081264]
[1 0],[0.86193717 0.1380628 ]
[0 1],[0.1458533 0.8541467]
[1 0],[0.868677   0.13132295]
[0 1],[0.15373892 0.8462611 ]
[1 0],[0.8691824  0.13081755]
[0 1],[0.18873921 0.8112608 ]
[1 0],[0.85299456 0.14700542]
[1 0],[0.8691972  0.13080278]
[0 1],[0.14708294 0.852917  ]
[0 1],[0.2848174  0.71518254]
[1 0],[0.86515385 0.13484615]
[0 1],[0.144865 0.855135]
[0 1],[0.15365362 0.8463464 ]
[1 0],[0.46959904 0.530401  ]
[0 1],[0.13842835 0.86157167]
[1 0],[0.32971823 0.6702817 ]
[0 1],[0.13838343 0.8616166 ]
[0 1],[0.14334211 0.85665786]
[0 1],[0.13771072 0.8622893 ]
[0 1],[0.13810459 0.8618954 ]
[1 0],[0.86617386 0.13382612]
[0 1],[0.14418618 0.8558138 ]
[1 0],[0.8634551  0.13654491]
[0 1],[0.13781519 0.8621848 ]
[1 0],[0.86918837 0.13081169]
[1 0],[0.86346775 0.13653232]
[0 1],[0.1373078  0.86269224]
[1 0],[0.8692055  0.13079457]
[0 1],[0.13692911 0.8630709 ]
[0 1],[0.1370173  0.86298275]
[1 0],[0.86810696 0.13189298]
[1 0],[0.84419173 0.15580828]
[0 1],[0.18918394 0.81081605]
[1 0],[0.8685719 0.1314281]
[0 1],[0.14294477 0.85705525]
[1 0],[0.8691965  0.13080353]
[0 1],[0.13864693 0.86135304]
[0 1],[0.14495721 0.8550428 ]
[1 0],[0.8682808  0.13171914]
[1 0],[0.8691988 0.1308012]
[0 1],[0.13752562 0.8624744 ]
[0 1],[0.19141427 0.8085857 ]
[0 1],[0.13672255 0.8632774 ]
[1 0],[0.84994805 0.15005194]
[0 1],[0.15134002 0.84865993]
[1 0],[0.8414876  0.15851237]
[0 1],[0.14664733 0.85335267]
[1 0],[0.866549   0.13345094]
[0 1],[0.13907203 0.86092794]
[1 0],[0.8692027  0.13079734]
[1 0],[0.8513503  0.14864974]
[0 1],[0.14919303 0.85080695]
[1 0],[0.8686783  0.13132171]
[0 1],[0.13846086 0.8615392 ]
[0 1],[0.13800669 0.8619933 ]
[1 0],[0.869196   0.13080402]
[1 0],[0.8692002  0.13079979]
[0 1],[0.14267196 0.857328  ]
[1 0],[0.869193   0.13080701]
[0 1],[0.13950516 0.86049485]
[1 0],[0.8629864 0.1370136]
[1 0],[0.8691962 0.1308038]
[0 1],[0.13739951 0.8626005 ]
[1 0],[0.8690752  0.13092482]
