[0 1],[0.20060857 0.7993915 ]
[0 1],[0.26334935 0.73665065]
[1 0],[0.8453548  0.15464513]
[0 1],[0.20097974 0.79902023]
[1 0],[0.82935834 0.17064168]
[0 1],[0.63374525 0.36625475]
[1 0],[0.85766417 0.14233586]
[1 0],[0.63399285 0.36600715]
[0 1],[0.48294622 0.51705384]
[1 0],[0.8451723  0.15482773]
[0 1],[0.2021272 0.7978728]
[1 0],[0.8407305  0.15926948]
[0 1],[0.20187107 0.7981289 ]
[1 0],[0.85773903 0.142261  ]
[0 1],[0.46105435 0.53894573]
[1 0],[0.8576767  0.14232329]
[0 1],[0.1992941 0.8007059]
[1 0],[0.8577215  0.14227854]
[1 0],[0.64097744 0.35902247]
[1 0],[0.8434033  0.15659672]
[0 1],[0.20707849 0.7929215 ]
[1 0],[0.21999021 0.78000975]
[1 0],[0.85762066 0.14237934]
[0 1],[0.20815656 0.7918434 ]
[0 1],[0.73060817 0.26939183]
[1 0],[0.85768    0.14231999]
[0 1],[0.20202716 0.79797286]
[1 0],[0.6275838  0.37241617]
[0 1],[0.7127027  0.28729734]
[1 0],[0.76179445 0.23820549]
[1 0],[0.65480983 0.3451902 ]
[0 1],[0.20663366 0.7933663 ]
[0 1],[0.20034577 0.79965425]
[0 1],[0.20434824 0.79565173]
[1 0],[0.85772073 0.1422793 ]
[0 1],[0.20626676 0.79373324]
[1 0],[0.82786673 0.17213331]
[0 1],[0.19830333 0.8016967 ]
[1 0],[0.63336694 0.36663312]
[1 0],[0.85758543 0.1424146 ]
[0 1],[0.20829676 0.7917032 ]
[0 1],[0.21552742 0.7844725 ]
[1 0],[0.83551764 0.1644824 ]
[0 1],[0.20524405 0.794756  ]
[1 0],[0.8570609  0.14293905]
[0 1],[0.20168187 0.79831815]
[1 0],[0.7446443  0.25535566]
[1 0],[0.8575743  0.14242569]
[0 1],[0.20313323 0.7968667 ]
[1 0],[0.84030986 0.15969023]
[0 1],[0.20738155 0.7926185 ]
[1 0],[0.8576237  0.14237624]
[1 0],[0.8058292  0.19417076]
[0 1],[0.22181481 0.7781851 ]
[1 0],[0.83744967 0.16255026]
[0 1],[0.20265302 0.79734695]
[1 0],[0.8561552  0.14384474]
[0 1],[0.21581241 0.78418756]
[1 0],[0.7673068  0.23269314]
[0 1],[0.20355505 0.79644495]
[1 0],[0.85772985 0.14227022]
[1 0],[0.7719944  0.22800554]
[0 1],[0.20427403 0.79572594]
[0 1],[0.2030818 0.7969182]
[1 0],[0.85500884 0.14499111]
[1 0],[0.85304904 0.14695098]
[0 1],[0.20845897 0.79154104]
[0 1],[0.20373029 0.7962698 ]
[1 0],[0.8577491  0.14225082]
[0 1],[0.2852489 0.7147511]
[0 1],[0.20266613 0.7973339 ]
[1 0],[0.63095325 0.36904672]
[1 0],[0.6390318  0.36096814]
[0 1],[0.20216879 0.79783124]
[0 1],[0.205148 0.794852]
[0 1],[0.20204759 0.7979524 ]
[1 0],[0.6178696  0.38213035]
[1 0],[0.8577031 0.1422969]
[1 0],[0.71892923 0.28107077]
[0 1],[0.24264622 0.7573538 ]
[1 0],[0.8572428  0.14275718]
[0 1],[0.8497368  0.15026316]
[1 0],[0.8576834  0.14231652]
[0 1],[0.20749058 0.79250944]
[0 1],[0.49656367 0.5034364 ]
[1 0],[0.8421328  0.15786712]
[1 0],[0.8413056  0.15869439]
[0 1],[0.5093619  0.49063808]
[0 1],[0.2674379  0.73256207]
[1 0],[0.85745627 0.14254376]
[0 1],[0.42767808 0.572322  ]
[1 0],[0.85768837 0.14231165]
[0 1],[0.63516796 0.36483204]
[1 0],[0.85702336 0.1429767 ]
[1 0],[0.8569207  0.14307927]
[1 0],[0.84161127 0.15838869]
[1 0],[0.64413166 0.3558683 ]
[0 1],[0.5427352  0.45726478]
[1 0],[0.85759205 0.14240792]
[1 0],[0.8410981  0.15890189]
[0 1],[0.56137913 0.4386208 ]
[1 0],[0.8432423  0.15675768]
[1 0],[0.8560295  0.14397055]
[0 1],[0.20879956 0.79120046]
[1 0],[0.85765654 0.1423435 ]
[1 0],[0.84729683 0.15270318]
[0 1],[0.37084693 0.629153  ]
[0 1],[0.26829845 0.7317015 ]
[1 0],[0.84708464 0.15291542]
[1 0],[0.8576423  0.14235763]
[0 1],[0.21099535 0.7890046 ]
[1 0],[0.8385772 0.1614228]
[1 0],[0.85755104 0.14244893]
[0 1],[0.26303953 0.7369605 ]
[1 0],[0.84890383 0.1510961 ]
[0 1],[0.20154375 0.7984562 ]
[1 0],[0.85761195 0.14238799]
[1 0],[0.59052205 0.40947798]
[0 1],[0.22374889 0.7762511 ]
[1 0],[0.8451526  0.15484741]
[0 1],[0.36889222 0.63110775]
[0 1],[0.21389976 0.78610027]
[0 1],[0.20381065 0.79618937]
[0 1],[0.52959746 0.47040254]
[1 0],[0.7094846  0.29051536]
[0 1],[0.21787496 0.78212506]
[1 0],[0.6063597  0.39364025]
[0 1],[0.275174 0.724826]
[1 0],[0.6141965  0.38580358]
[0 1],[0.21795216 0.78204787]
[1 0],[0.84387976 0.15612018]
[0 1],[0.20632827 0.7936717 ]
[1 0],[0.8400987 0.1599013]
[0 1],[0.20746872 0.7925313 ]
[1 0],[0.854305   0.14569502]
[0 1],[0.2013202  0.79867977]
[1 0],[0.64017814 0.3598219 ]
[0 1],[0.20093209 0.7990679 ]
[0 1],[0.2065493  0.79345065]
[1 0],[0.8435908  0.15640919]
[0 1],[0.19886735 0.8011327 ]
[1 0],[0.85768026 0.14231974]
[1 0],[0.7834488  0.21655123]
[0 1],[0.21070766 0.7892924 ]
[1 0],[0.85375565 0.14624429]
[0 1],[0.5652566  0.43474343]
[0 1],[0.20115566 0.7988443 ]
[1 0],[0.84323186 0.15676814]
[0 1],[0.20414549 0.7958545 ]
[1 0],[0.85768265 0.14231734]
[0 1],[0.20362929 0.79637074]
[1 0],[0.8577303  0.14226966]
[0 1],[0.8022839  0.19771618]
[1 0],[0.8566038 0.1433962]
[0 1],[0.7565306  0.24346943]
[1 0],[0.8441579  0.15584205]
[0 1],[0.209074   0.79092604]
[1 0],[0.6029529 0.3970471]
[0 1],[0.3683926 0.6316074]
[1 0],[0.84286016 0.15713985]
[1 0],[0.84385276 0.1561472 ]
[0 1],[0.21121322 0.7887867 ]
[1 0],[0.85769457 0.14230543]
[0 1],[0.8079088  0.19209123]
[1 0],[0.8164457  0.18355435]
[0 1],[0.21680975 0.78319025]
[0 1],[0.20091696 0.79908305]
[1 0],[0.640526   0.35947394]
[1 0],[0.8471595 0.1528405]
[1 0],[0.81575465 0.1842454 ]
[0 1],[0.20273568 0.79726434]
[0 1],[0.20773098 0.79226905]
[1 0],[0.8453488 0.1546512]
[0 1],[0.20390852 0.7960915 ]
[1 0],[0.8357657  0.16423431]
[1 0],[0.85762733 0.14237265]
[0 1],[0.35452008 0.6454799 ]
[1 0],[0.85020816 0.14979184]
[1 0],[0.65615785 0.3438422 ]
[1 0],[0.6506109  0.34938902]
[0 1],[0.21167926 0.7883208 ]
[1 0],[0.63326615 0.36673385]
[0 1],[0.19991739 0.8000826 ]
[1 0],[0.8384791 0.1615209]
[0 1],[0.20366648 0.79633355]
[1 0],[0.85705644 0.1429435 ]
[0 1],[0.20877591 0.79122406]
[1 0],[0.60354394 0.3964561 ]
[0 1],[0.20534936 0.7946507 ]
[1 0],[0.8577669  0.14223304]
[0 1],[0.24847735 0.75152266]
[0 1],[0.2037801 0.7962199]
[1 0],[0.7392432  0.26075682]
[0 1],[0.20093721 0.79906285]
[1 0],[0.661455 0.338545]
[1 0],[0.8433513  0.15664874]
[0 1],[0.2863651  0.71363485]
[0 1],[0.8322523  0.16774766]
[0 1],[0.82752204 0.17247802]
[1 0],[0.84201294 0.157987  ]
[1 0],[0.85765153 0.14234848]
[1 0],[0.8384596  0.16154045]
[0 1],[0.21161862 0.7883814 ]
[1 0],[0.84174603 0.15825392]
[1 0],[0.83597517 0.16402481]
[0 1],[0.472043 0.527957]
[1 0],[0.85759884 0.1424012 ]
[0 1],[0.21071655 0.78928345]
[0 1],[0.6448751  0.35512486]
[1 0],[0.85764986 0.14235018]
[0 1],[0.21495038 0.7850497 ]
[1 0],[0.64062965 0.35937035]
[0 1],[0.20178452 0.7982155 ]
[0 1],[0.21195304 0.7880469 ]
[1 0],[0.21158667 0.7884133 ]
[0 1],[0.20531686 0.79468316]
[1 0],[0.8577107  0.14228927]
[1 0],[0.8417577  0.15824226]
[0 1],[0.2016873 0.7983127]
[0 1],[0.2012627  0.79873735]
[0 1],[0.20479345 0.7952066 ]
[1 0],[0.8269205  0.17307954]
[0 1],[0.21061796 0.78938204]
[1 0],[0.85763115 0.1423688 ]
[0 1],[0.20677026 0.79322976]
[1 0],[0.6434372  0.35656282]
[1 0],[0.7547116  0.24528836]
[1 0],[0.8577041  0.14229584]
[1 0],[0.8572897 0.1427103]
[0 1],[0.2085075 0.7914925]
[0 1],[0.66477656 0.3352235 ]
[0 1],[0.8021955  0.19780453]
[1 0],[0.85769814 0.14230183]
[0 1],[0.21120368 0.7887963 ]
[1 0],[0.84173363 0.1582664 ]
[1 0],[0.8192985  0.18070151]
[0 1],[0.21494184 0.7850581 ]
[1 0],[0.6336848  0.36631516]
[1 0],[0.85632974 0.14367023]
[0 1],[0.21144421 0.7885558 ]
[1 0],[0.8555742  0.14442582]
[0 1],[0.20184241 0.79815763]
[1 0],[0.8570717  0.14292836]
[0 1],[0.20595948 0.79404056]
[1 0],[0.85771483 0.1422852 ]
[1 0],[0.8576086  0.14239131]
[0 1],[0.52365553 0.4763445 ]
[1 0],[0.83623284 0.1637671 ]
[0 1],[0.21511433 0.7848857 ]
[0 1],[0.35047242 0.64952755]
[1 0],[0.8576786  0.14232136]
[0 1],[0.21223436 0.7877656 ]
[0 1],[0.20800409 0.7919959 ]
[0 1],[0.20690036 0.79309964]
[1 0],[0.42059353 0.5794065 ]
[1 0],[0.8566248 0.1433752]
[0 1],[0.20197687 0.7980231 ]
[0 1],[0.20394768 0.7960523 ]
[1 0],[0.720311   0.27968898]
[0 1],[0.20433329 0.79566675]
[1 0],[0.76472783 0.23527212]
[0 1],[0.83757454 0.16242544]
[0 1],[0.20628272 0.79371727]
[1 0],[0.6303714 0.3696286]
[0 1],[0.6352028  0.36479717]
[1 0],[0.85764223 0.14235781]
[1 0],[0.85728014 0.14271988]
[0 1],[0.21751021 0.7824898 ]
[1 0],[0.83632106 0.16367897]
[0 1],[0.20197865 0.7980213 ]
[1 0],[0.85759497 0.1424051 ]
[0 1],[0.20854005 0.7914599 ]
[1 0],[0.6611571  0.33884296]
[0 1],[0.28061634 0.7193837 ]
[0 1],[0.6681709  0.33182904]
[1 0],[0.8111186  0.18888143]
[0 1],[0.20486891 0.795131  ]
[0 1],[0.22146925 0.7785307 ]
[1 0],[0.857699   0.14230108]
[0 1],[0.20188023 0.79811984]
[1 0],[0.82678497 0.17321506]
[0 1],[0.2077027 0.7922973]
[1 0],[0.8544691 0.1455309]
[0 1],[0.5550694  0.44493058]
[0 1],[0.25873664 0.7412634 ]
[1 0],[0.81692195 0.183078  ]
[1 0],[0.8575205  0.14247946]
[0 1],[0.20217754 0.7978224 ]
[0 1],[0.20260036 0.7973997 ]
[1 0],[0.66092646 0.3390736 ]
[0 1],[0.20321958 0.7967804 ]
[1 0],[0.8459191  0.15408096]
[1 0],[0.8384815  0.16151859]
[1 0],[0.8411903 0.1588097]
[0 1],[0.20442455 0.79557544]
[1 0],[0.85770386 0.14229618]
[1 0],[0.85209185 0.14790814]
[0 1],[0.20052625 0.79947376]
[0 1],[0.20206286 0.79793715]
[1 0],[0.83594245 0.16405754]
[0 1],[0.20102519 0.79897475]
[1 0],[0.8334315 0.1665685]
[0 1],[0.586496   0.41350403]
[1 0],[0.8577295  0.14227048]
[0 1],[0.21036315 0.7896368 ]
[1 0],[0.8577429  0.14225708]
[1 0],[0.8577889  0.14221102]
[0 1],[0.20601626 0.79398376]
[1 0],[0.6450694  0.35493058]
[0 1],[0.22556686 0.77443314]
[1 0],[0.8577381  0.14226194]
[1 0],[0.8575458  0.14245425]
[0 1],[0.21787402 0.782126  ]
[1 0],[0.85770607 0.14229396]
[1 0],[0.85772604 0.14227396]
[0 1],[0.5632856 0.4367144]
[1 0],[0.27150524 0.7284947 ]
[1 0],[0.85629094 0.14370903]
[0 1],[0.22255075 0.77744925]
[0 1],[0.20170787 0.79829216]
[1 0],[0.84075737 0.15924262]
[0 1],[0.20202437 0.79797566]
[0 1],[0.33949423 0.6605058 ]
[0 1],[0.20775965 0.7922403 ]
[0 1],[0.20461696 0.79538304]
[1 0],[0.8546387  0.14536129]
[0 1],[0.22457105 0.77542895]
[0 1],[0.2021379 0.7978621]
[0 1],[0.2086526 0.7913474]
[0 1],[0.20217986 0.79782015]
[1 0],[0.8490908  0.15090919]
[0 1],[0.3724842  0.62751573]
[1 0],[0.6440277  0.35597226]
[0 1],[0.21411233 0.78588766]
[1 0],[0.64171475 0.35828528]
[1 0],[0.83274096 0.16725901]
[0 1],[0.21795143 0.7820486 ]
[0 1],[0.31035095 0.68964905]
[1 0],[0.8395672 0.1604328]
[0 1],[0.20582096 0.794179  ]
[1 0],[0.85309166 0.14690837]
[0 1],[0.2121909  0.78780913]
[0 1],[0.22041741 0.77958256]
[1 0],[0.8516693  0.14833072]
[0 1],[0.20160753 0.7983924 ]
[1 0],[0.849049   0.15095104]
[0 1],[0.20092271 0.7990773 ]
[1 0],[0.85378313 0.14621685]
[0 1],[0.34022343 0.65977657]
[1 0],[0.8463163  0.15368378]
[0 1],[0.20221072 0.7977893 ]
[0 1],[0.21201465 0.7879853 ]
[1 0],[0.84243023 0.1575697 ]
[0 1],[0.20381613 0.7961839 ]
[0 1],[0.81495976 0.18504028]
[0 1],[0.20060131 0.79939866]
[1 0],[0.85772455 0.14227544]
[1 0],[0.84401554 0.15598449]
[0 1],[0.46607515 0.5339249 ]
[0 1],[0.20921324 0.79078674]
[1 0],[0.8577424  0.14225756]
[0 1],[0.20172703 0.7982729 ]
[1 0],[0.85769796 0.14230202]
[0 1],[0.2753339  0.72466606]
[1 0],[0.8506536  0.14934637]
[0 1],[0.7859444  0.21405552]
[1 0],[0.84282196 0.15717801]
[0 1],[0.25606263 0.7439374 ]
[1 0],[0.8389961  0.16100389]
[1 0],[0.8576723  0.14232776]
[0 1],[0.20309478 0.7969053 ]
[0 1],[0.20790356 0.79209644]
[1 0],[0.6447498  0.35525018]
[1 0],[0.857601   0.14239901]
[1 0],[0.6055212 0.3944788]
[1 0],[0.66710746 0.33289254]
[0 1],[0.21699822 0.7830018 ]
[1 0],[0.8498527  0.15014729]
[0 1],[0.20460331 0.7953967 ]
[1 0],[0.84405047 0.1559496 ]
[0 1],[0.20834891 0.79165107]
[0 1],[0.20290607 0.79709387]
[0 1],[0.6207187 0.3792813]
[0 1],[0.49681088 0.5031891 ]
[0 1],[0.27087125 0.7291287 ]
[1 0],[0.65535784 0.34464213]
[0 1],[0.22112912 0.77887094]
[1 0],[0.8570026  0.14299743]
[0 1],[0.20359915 0.79640085]
[0 1],[0.20076902 0.79923093]
[0 1],[0.21539985 0.78460014]
[1 0],[0.85768586 0.14231412]
[1 0],[0.8567254  0.14327456]
[0 1],[0.44963914 0.5503608 ]
[1 0],[0.5957681  0.40423185]
[0 1],[0.77751404 0.22248594]
[1 0],[0.84365964 0.15634036]
[0 1],[0.20991436 0.7900857 ]
[1 0],[0.85772175 0.14227825]
[0 1],[0.23151526 0.7684847 ]
[1 0],[0.8425796  0.15742044]
[0 1],[0.20950982 0.79049015]
[1 0],[0.83661884 0.16338113]
[0 1],[0.2030186 0.7969814]
[1 0],[0.8576739  0.14232613]
[0 1],[0.22050598 0.77949405]
[0 1],[0.2357218 0.7642782]
[1 0],[0.8577574  0.14224261]
[1 0],[0.85764855 0.1423515 ]
[0 1],[0.28911933 0.7108807 ]
[1 0],[0.8577333  0.14226662]
[0 1],[0.21357533 0.7864247 ]
[1 0],[0.857708   0.14229198]
[0 1],[0.21377218 0.7862278 ]
[1 0],[0.84151393 0.15848602]
[1 0],[0.63027346 0.36972648]
[0 1],[0.20288531 0.7971146 ]
[1 0],[0.85770667 0.14229333]
[0 1],[0.20564541 0.79435456]
[0 1],[0.48147157 0.51852846]
[0 1],[0.20743369 0.7925663 ]
[1 0],[0.85771745 0.14228253]
[0 1],[0.2021286 0.7978714]
[1 0],[0.8577423  0.14225774]
[1 0],[0.857776   0.14222409]
[0 1],[0.20362285 0.7963771 ]
[1 0],[0.841782   0.15821804]
[0 1],[0.5156755  0.48432446]
[1 0],[0.80479133 0.19520867]
[0 1],[0.20722856 0.79277146]
[1 0],[0.6612134 0.3387866]
[0 1],[0.20182039 0.79817957]
[1 0],[0.59249353 0.4075064 ]
[1 0],[0.85773814 0.14226182]
[1 0],[0.5450138 0.4549862]
[1 0],[0.8542891  0.14571092]
[0 1],[0.210056 0.789944]
[1 0],[0.85759795 0.14240208]
[1 0],[0.6289351  0.37106493]
[1 0],[0.80801296 0.191987  ]
[1 0],[0.8576716  0.14232846]
[0 1],[0.2022076 0.7977924]
[0 1],[0.20625076 0.7937493 ]
[1 0],[0.85765904 0.14234091]
[0 1],[0.21031986 0.7896801 ]
[1 0],[0.85772336 0.14227664]
[0 1],[0.19897753 0.80102247]
[0 1],[0.21005173 0.7899483 ]
[1 0],[0.82243705 0.17756294]
[0 1],[0.7504844  0.24951556]
[1 0],[0.6179969 0.3820031]
[1 0],[0.5122991  0.48770082]
[0 1],[0.29485026 0.70514977]
[0 1],[0.21637936 0.78362066]
[1 0],[0.8575862  0.14241377]
[0 1],[0.20901772 0.7909823 ]
[0 1],[0.40601838 0.5939816 ]
[1 0],[0.6603316  0.33966836]
[0 1],[0.2631005  0.73689955]
[1 0],[0.85770893 0.1422911 ]
[0 1],[0.20365533 0.7963447 ]
[1 0],[0.6374612 0.3625388]
[0 1],[0.5187527  0.48124728]
[1 0],[0.8572345  0.14276546]
[0 1],[0.20181619 0.79818374]
[1 0],[0.8577036  0.14229636]
[0 1],[0.20007958 0.79992044]
[1 0],[0.8576726  0.14232743]
[1 0],[0.8203958  0.17960416]
[0 1],[0.20272486 0.79727507]
[1 0],[0.64118665 0.35881332]
[0 1],[0.5371743 0.4628257]
[1 0],[0.5924464 0.4075536]
[0 1],[0.20282336 0.7971766 ]
[1 0],[0.8576216  0.14237839]
[0 1],[0.20620254 0.7937975 ]
[1 0],[0.8551157  0.14488429]
[0 1],[0.20439598 0.79560405]
[0 1],[0.8206028  0.17939717]
[0 1],[0.380831 0.619169]
[0 1],[0.20380959 0.7961904 ]
[1 0],[0.85754335 0.14245664]
[1 0],[0.8459917  0.15400834]
[0 1],[0.312129   0.68787104]
[0 1],[0.24015397 0.75984603]
[0 1],[0.2646712  0.73532885]
[0 1],[0.253374   0.74662596]
[1 0],[0.6449838  0.35501623]
[0 1],[0.40445262 0.5955474 ]
[1 0],[0.7399561  0.26004392]
[0 1],[0.2059539 0.7940461]
[0 1],[0.69660884 0.30339116]
[1 0],[0.85762924 0.14237076]
[0 1],[0.204142 0.795858]
[0 1],[0.50459    0.49541003]
[1 0],[0.8577147  0.14228524]
[0 1],[0.22925422 0.77074575]
[1 0],[0.84090555 0.1590945 ]
[0 1],[0.46708375 0.5329163 ]
[1 0],[0.8443449  0.15565513]
[0 1],[0.20207712 0.7979229 ]
[1 0],[0.857498   0.14250198]
[0 1],[0.20555423 0.7944458 ]
[1 0],[0.84739715 0.15260284]
[1 0],[0.8574896  0.14251037]
[0 1],[0.2011521  0.79884785]
[0 1],[0.2029581  0.79704195]
[1 0],[0.8442463  0.15575367]
[1 0],[0.7405049  0.25949505]
[1 0],[0.66127914 0.3387209 ]
[0 1],[0.21140592 0.78859407]
[1 0],[0.7741394  0.22586061]
[1 0],[0.85692424 0.14307578]
[0 1],[0.20124927 0.79875076]
[1 0],[0.83045304 0.16954692]
[0 1],[0.20939322 0.79060674]
[1 0],[0.8374916  0.16250838]
[0 1],[0.20893836 0.7910617 ]
[0 1],[0.21200742 0.7879926 ]
[1 0],[0.857683   0.14231701]
[1 0],[0.8532582  0.14674181]
[0 1],[0.20424953 0.79575044]
[1 0],[0.61791027 0.38208973]
[1 0],[0.84855264 0.1514474 ]
[1 0],[0.8386441  0.16135585]
[1 0],[0.8557065  0.14429355]
[0 1],[0.23486379 0.76513624]
[1 0],[0.8575414  0.14245865]
[0 1],[0.20706329 0.7929367 ]
[1 0],[0.8577172  0.14228278]
[0 1],[0.75055957 0.24944042]
[0 1],[0.2019984 0.7980016]
[1 0],[0.85775006 0.14224994]
[0 1],[0.20246819 0.79753184]
[0 1],[0.47681937 0.5231806 ]
[1 0],[0.8568089  0.14319116]
[1 0],[0.85770476 0.14229529]
[0 1],[0.20197879 0.79802126]
[1 0],[0.8576745  0.14232554]
[0 1],[0.21273272 0.78726727]
[1 0],[0.8405373 0.1594627]
[0 1],[0.24922122 0.75077885]
[0 1],[0.20839635 0.7916036 ]
[1 0],[0.85776436 0.14223567]
[0 1],[0.20140576 0.79859424]
[1 0],[0.8576707  0.14232934]
[0 1],[0.20246391 0.7975361 ]
[1 0],[0.8576381  0.14236191]
[0 1],[0.19988865 0.8001114 ]
[1 0],[0.8422818  0.15771824]
[1 0],[0.83739483 0.1626051 ]
[0 1],[0.20845634 0.79154366]
[1 0],[0.85762215 0.14237788]
[0 1],[0.50609666 0.4939033 ]
[1 0],[0.6002141  0.39978588]
[1 0],[0.85762817 0.14237183]
[0 1],[0.20227163 0.79772836]
[1 0],[0.8472693  0.15273076]
[0 1],[0.20765962 0.79234034]
[1 0],[0.85766846 0.14233162]
[0 1],[0.20845222 0.7915478 ]
[1 0],[0.8417608  0.15823916]
[0 1],[0.20241159 0.7975884 ]
[1 0],[0.8572493  0.14275074]
[0 1],[0.56751627 0.43248376]
[1 0],[0.6180195 0.3819805]
[0 1],[0.83533025 0.16466975]
[0 1],[0.21882407 0.781176  ]
[1 0],[0.85769284 0.14230719]
[0 1],[0.8342724  0.16572765]
[0 1],[0.20865598 0.791344  ]
[0 1],[0.20988211 0.790118  ]
[1 0],[0.8576893  0.14231066]
[0 1],[0.63986075 0.36013922]
[1 0],[0.8577003  0.14229976]
[0 1],[0.20290764 0.7970924 ]
[1 0],[0.8576688  0.14233127]
[1 0],[0.8398023 0.1601977]
[0 1],[0.24963701 0.750363  ]
[0 1],[0.20400608 0.795994  ]
[1 0],[0.85771936 0.14228062]
[1 0],[0.85765475 0.14234519]
[0 1],[0.78037435 0.21962567]
[1 0],[0.8479655  0.15203449]
[0 1],[0.21047457 0.7895254 ]
[0 1],[0.2131541  0.78684586]
[1 0],[0.7396132 0.2603869]
[0 1],[0.20501111 0.7949889 ]
[1 0],[0.6524454  0.34755453]
[0 1],[0.2051712 0.7948288]
[1 0],[0.6111858 0.3888142]
[0 1],[0.2007952 0.7992048]
[1 0],[0.8576791 0.1423209]
[1 0],[0.8576942 0.1423058]
[1 0],[0.8422216  0.15777835]
[1 0],[0.85749364 0.14250633]
[1 0],[0.81632    0.18367998]
[1 0],[0.56822747 0.43177253]
[0 1],[0.20552106 0.79447895]
[1 0],[0.62839067 0.37160933]
[0 1],[0.28195494 0.71804506]
[0 1],[0.22135721 0.7786428 ]
[0 1],[0.20557979 0.79442024]
[1 0],[0.63218033 0.3678197 ]
[1 0],[0.8576932  0.14230686]
[0 1],[0.2030425 0.7969575]
[1 0],[0.7909716  0.20902844]
[0 1],[0.20057763 0.7994223 ]
[1 0],[0.8575445  0.14245556]
[0 1],[0.20205174 0.79794824]
[0 1],[0.20749244 0.7925076 ]
[1 0],[0.8352187  0.16478127]
[0 1],[0.5673235  0.43267643]
[1 0],[0.84228605 0.15771398]
[0 1],[0.37541804 0.624582  ]
[1 0],[0.8577106  0.14228936]
[0 1],[0.20247892 0.7975211 ]
[1 0],[0.8443224  0.15567759]
[1 0],[0.8571473  0.14285275]
[0 1],[0.20474696 0.79525304]
[1 0],[0.8576723  0.14232768]
[0 1],[0.83410525 0.16589475]
[0 1],[0.7246032  0.27539676]
[0 1],[0.21930014 0.7806999 ]
[0 1],[0.21961778 0.7803822 ]
[1 0],[0.8327874  0.16721267]
[1 0],[0.85764474 0.14235526]
[0 1],[0.7697278  0.23027219]
[0 1],[0.20609017 0.7939098 ]
[1 0],[0.82579523 0.17420481]
[0 1],[0.20219576 0.7978042 ]
[0 1],[0.35285124 0.64714867]
[1 0],[0.857729   0.14227095]
[1 0],[0.8189924 0.1810076]
[0 1],[0.20506382 0.7949361 ]
[1 0],[0.8577491  0.14225085]
[0 1],[0.2109278 0.7890722]
[1 0],[0.842971   0.15702897]
[0 1],[0.20299807 0.79700196]
[1 0],[0.8577122  0.14228782]
