[0 1],[0.12101772 0.8789823 ]
[0 1],[0.12101773 0.8789823 ]
[0 1],[0.12101773 0.8789823 ]
[1 0],[0.8790791  0.12092093]
[0 1],[0.12101706 0.87898296]
[0 1],[0.12101773 0.8789823 ]
[0 1],[0.1210177 0.8789823]
[1 0],[0.87907904 0.12092099]
[0 1],[0.12101778 0.8789822 ]
[1 0],[0.87907904 0.12092096]
[1 0],[0.87907904 0.12092097]
[0 1],[0.12101775 0.8789823 ]
[0 1],[0.12103644 0.87896353]
[1 0],[0.87907904 0.12092096]
[1 0],[0.8790789  0.12092104]
[1 0],[0.87907904 0.12092097]
[1 0],[0.87907904 0.12092097]
[0 1],[0.12101779 0.8789822 ]
[0 1],[0.12101778 0.8789822 ]
[0 1],[0.12101775 0.8789823 ]
[0 1],[0.12101773 0.8789823 ]
[0 1],[0.12101773 0.8789823 ]
[0 1],[0.12101773 0.8789823 ]
[1 0],[0.87907904 0.12092096]
[0 1],[0.12101789 0.8789821 ]
[0 1],[0.12101773 0.8789823 ]
[1 0],[0.87907904 0.12092097]
[1 0],[0.8790791  0.12092092]
[1 0],[0.87907904 0.12092097]
[0 1],[0.12101775 0.8789823 ]
[0 1],[0.12101775 0.8789822 ]
[1 0],[0.87907904 0.12092099]
[1 0],[0.87907904 0.12092096]
[0 1],[0.12101452 0.8789855 ]
[0 1],[0.12101775 0.8789822 ]
[1 0],[0.87907904 0.12092099]
[0 1],[0.12101775 0.8789822 ]
[1 0],[0.87907904 0.12092096]
[1 0],[0.87907904 0.12092096]
[0 1],[0.12101773 0.8789823 ]
[1 0],[0.8790791  0.12092093]
[0 1],[0.12101787 0.8789821 ]
[0 1],[0.12101798 0.878982  ]
[0 1],[0.12101772 0.8789823 ]
[1 0],[0.87907904 0.12092096]
[1 0],[0.87907904 0.12092096]
[1 0],[0.8790791  0.12092089]
[0 1],[0.12101775 0.8789823 ]
[1 0],[0.87907904 0.12092096]
[1 0],[0.87907904 0.12092093]
[0 1],[0.12101763 0.87898237]
[0 1],[0.1210177 0.8789823]
[0 1],[0.12101775 0.8789822 ]
[1 0],[0.87907904 0.12092097]
[0 1],[0.12101773 0.8789823 ]
[1 0],[0.87907904 0.12092099]
[0 1],[0.12101772 0.8789823 ]
[0 1],[0.12101775 0.8789823 ]
[1 0],[0.87907904 0.12092097]
[0 1],[0.12101783 0.8789822 ]
[1 0],[0.87907904 0.12092096]
[1 0],[0.87907904 0.12092096]
[1 0],[0.87907904 0.12092097]
[0 1],[0.12101775 0.8789822 ]
[0 1],[0.12101466 0.87898535]
[1 0],[0.8790801  0.12091993]
[1 0],[0.87907904 0.12092095]
[1 0],[0.87907904 0.12092099]
[1 0],[0.87907904 0.12092096]
[0 1],[0.12101768 0.8789823 ]
[0 1],[0.12101775 0.8789823 ]
[1 0],[0.87907904 0.12092096]
[1 0],[0.8790793 0.1209207]
[1 0],[0.87907904 0.12092099]
[1 0],[0.87907904 0.12092096]
[1 0],[0.87907904 0.12092097]
[0 1],[0.12101738 0.87898266]
[0 1],[0.12101773 0.8789823 ]
[0 1],[0.12101768 0.8789823 ]
[0 1],[0.12101775 0.8789823 ]
[0 1],[0.12101766 0.8789823 ]
[0 1],[0.12101786 0.8789821 ]
[1 0],[0.87907904 0.12092097]
[1 0],[0.87907904 0.12092097]
[0 1],[0.12101784 0.8789821 ]
[1 0],[0.87907904 0.12092097]
[1 0],[0.87907904 0.12092102]
[0 1],[0.12101773 0.8789823 ]
[0 1],[0.12101775 0.8789822 ]
[1 0],[0.87907904 0.12092096]
[0 1],[0.12101775 0.8789822 ]
[0 1],[0.12101775 0.8789822 ]
[1 0],[0.87907904 0.12092097]
[1 0],[0.87907904 0.12092096]
[1 0],[0.87907904 0.12092093]
[1 0],[0.87907904 0.12092096]
[0 1],[0.12101776 0.8789822 ]
[0 1],[0.12101775 0.8789823 ]
[1 0],[0.8790791  0.12092092]
[0 1],[0.12101773 0.8789823 ]
[1 0],[0.87907904 0.12092097]
[1 0],[0.87907904 0.12092096]
[1 0],[0.87907904 0.12092093]
[0 1],[0.12101844 0.8789816 ]
[0 1],[0.12101775 0.8789822 ]
[1 0],[0.87907904 0.12092093]
[0 1],[0.12101773 0.8789823 ]
[1 0],[0.87907904 0.12092099]
[0 1],[0.12101783 0.8789822 ]
[0 1],[0.12101773 0.8789823 ]
[0 1],[0.1210175 0.8789825]
[0 1],[0.12101773 0.8789823 ]
[1 0],[0.87907904 0.12092096]
[1 0],[0.87907904 0.12092096]
[0 1],[0.12101773 0.8789823 ]
[0 1],[0.12101773 0.8789823 ]
[1 0],[0.87907946 0.12092056]
[0 1],[0.12101776 0.8789822 ]
[0 1],[0.12101775 0.8789822 ]
[0 1],[0.1210358 0.8789641]
[0 1],[0.12101773 0.8789823 ]
[0 1],[0.12101753 0.8789825 ]
[1 0],[0.87907904 0.12092099]
[0 1],[0.12101773 0.8789823 ]
[0 1],[0.12101773 0.8789823 ]
[0 1],[0.12101773 0.8789823 ]
[0 1],[0.12101571 0.87898433]
[1 0],[0.87907904 0.12092099]
[1 0],[0.87907904 0.12092097]
[0 1],[0.12101775 0.8789823 ]
[0 1],[0.12101775 0.8789822 ]
[0 1],[0.12101775 0.8789822 ]
[1 0],[0.8790811  0.12091896]
[0 1],[0.12101773 0.8789823 ]
[1 0],[0.87907904 0.12092096]
[0 1],[0.12101773 0.8789823 ]
[0 1],[0.12101773 0.8789823 ]
[1 0],[0.87907904 0.12092097]
[0 1],[0.12101773 0.8789823 ]
[0 1],[0.12101773 0.8789823 ]
[0 1],[0.12101793 0.8789821 ]
[0 1],[0.12101775 0.8789823 ]
[0 1],[0.12101773 0.8789823 ]
[0 1],[0.1210174 0.8789826]
[1 0],[0.87907904 0.12092097]
[0 1],[0.12101773 0.8789823 ]
[0 1],[0.12101775 0.8789822 ]
[1 0],[0.87907904 0.12092097]
[0 1],[0.12101773 0.8789823 ]
[0 1],[0.12101768 0.8789823 ]
[1 0],[0.8790788  0.12092122]
[0 1],[0.12101763 0.87898237]
[0 1],[0.12101773 0.8789823 ]
[1 0],[0.87907904 0.12092097]
[0 1],[0.12101763 0.87898237]
[1 0],[0.87907904 0.12092096]
[0 1],[0.12101786 0.8789821 ]
[1 0],[0.87907904 0.12092099]
[0 1],[0.12101773 0.8789823 ]
[1 0],[0.87907904 0.12092096]
[1 0],[0.87907904 0.12092097]
[1 0],[0.87907904 0.12092096]
[1 0],[0.87907904 0.12092099]
[1 0],[0.87907904 0.12092097]
[1 0],[0.8790791  0.12092087]
[0 1],[0.12101773 0.8789823 ]
[1 0],[0.87907904 0.12092097]
[1 0],[0.87907904 0.12092097]
[1 0],[0.87907904 0.12092096]
[0 1],[0.12101773 0.8789823 ]
[1 0],[0.87907904 0.12092096]
[0 1],[0.12101775 0.8789822 ]
[1 0],[0.87907904 0.12092095]
[0 1],[0.12101779 0.8789822 ]
[0 1],[0.12101773 0.8789823 ]
[0 1],[0.12101783 0.8789822 ]
[1 0],[0.87907904 0.12092102]
[1 0],[0.87907904 0.12092093]
[1 0],[0.8790791  0.12092089]
[0 1],[0.12101757 0.87898237]
[1 0],[0.87907904 0.12092096]
[0 1],[0.1210168 0.8789832]
[1 0],[0.87907904 0.12092099]
[1 0],[0.87907904 0.12092102]
[1 0],[0.87907904 0.12092096]
[1 0],[0.87907875 0.12092123]
[0 1],[0.12101773 0.8789823 ]
[1 0],[0.87907904 0.12092097]
[0 1],[0.12101778 0.8789822 ]
[0 1],[0.12101764 0.87898237]
[0 1],[0.12101775 0.8789823 ]
[1 0],[0.8790784  0.12092164]
[0 1],[0.1210177 0.8789823]
[0 1],[0.12101776 0.8789822 ]
[1 0],[0.87908065 0.12091931]
[0 1],[0.12101684 0.87898314]
[1 0],[0.87907904 0.12092096]
[0 1],[0.12101781 0.8789822 ]
[1 0],[0.87907904 0.12092097]
[0 1],[0.12101773 0.8789823 ]
[0 1],[0.12101444 0.87898564]
[0 1],[0.12101773 0.8789823 ]
[0 1],[0.12101773 0.8789823 ]
[1 0],[0.87907904 0.12092097]
[1 0],[0.87907904 0.12092097]
[0 1],[0.12101773 0.8789823 ]
[1 0],[0.87907904 0.12092097]
[1 0],[0.8790791  0.12092087]
[1 0],[0.87907904 0.12092097]
[1 0],[0.87907904 0.12092096]
[1 0],[0.87907904 0.12092096]
[0 1],[0.12101775 0.8789823 ]
[1 0],[0.87907904 0.12092097]
[0 1],[0.12101775 0.8789822 ]
[0 1],[0.1210177 0.8789823]
[0 1],[0.12101773 0.8789823 ]
[1 0],[0.87907904 0.12092099]
[1 0],[0.87907904 0.12092097]
[1 0],[0.87907904 0.12092096]
[1 0],[0.8790792  0.12092078]
[1 0],[0.87907904 0.12092096]
[1 0],[0.87907904 0.12092096]
[1 0],[0.8790793 0.1209207]
[1 0],[0.8790791  0.12092092]
[1 0],[0.87907904 0.12092099]
[1 0],[0.8790798  0.12092012]
[0 1],[0.12101778 0.8789822 ]
[1 0],[0.87907904 0.12092099]
[0 1],[0.12101408 0.8789859 ]
[1 0],[0.87907904 0.12092097]
[0 1],[0.12101769 0.8789823 ]
[1 0],[0.87907904 0.12092102]
[0 1],[0.12101773 0.8789823 ]
[0 1],[0.1210177 0.8789823]
[0 1],[0.12101775 0.8789823 ]
[1 0],[0.87907904 0.12092099]
[0 1],[0.12101775 0.8789823 ]
[0 1],[0.12101775 0.8789822 ]
[0 1],[0.12101773 0.8789823 ]
[0 1],[0.12101487 0.87898517]
[1 0],[0.87907904 0.12092096]
[0 1],[0.12101775 0.8789822 ]
[1 0],[0.87907904 0.12092099]
[0 1],[0.12101773 0.8789823 ]
[0 1],[0.12101783 0.8789822 ]
[0 1],[0.12101775 0.8789823 ]
[1 0],[0.8790789  0.12092104]
[1 0],[0.878918   0.12108203]
[1 0],[0.8790786 0.1209213]
[1 0],[0.87907904 0.12092099]
[1 0],[0.87907904 0.12092096]
[0 1],[0.12101773 0.8789823 ]
[1 0],[0.8790789  0.12092108]
[0 1],[0.12101772 0.8789823 ]
[1 0],[0.87907904 0.12092096]
[1 0],[0.87907904 0.12092096]
[0 1],[0.12101773 0.8789823 ]
[0 1],[0.12101773 0.8789823 ]
[0 1],[0.12101781 0.8789822 ]
[1 0],[0.8790791  0.12092089]
[0 1],[0.12101773 0.8789823 ]
[1 0],[0.87907904 0.12092097]
[0 1],[0.12101778 0.8789822 ]
[1 0],[0.87907904 0.12092093]
[0 1],[0.12101773 0.8789823 ]
[1 0],[0.87907904 0.12092096]
[0 1],[0.12101773 0.8789823 ]
[1 0],[0.8790792  0.12092075]
[1 0],[0.87907904 0.12092096]
[0 1],[0.12101775 0.8789822 ]
[1 0],[0.87907904 0.12092096]
[0 1],[0.12101773 0.8789823 ]
[0 1],[0.12101775 0.8789822 ]
[1 0],[0.87907904 0.12092096]
[0 1],[0.12101773 0.8789823 ]
[0 1],[0.12101775 0.8789823 ]
[0 1],[0.12101773 0.8789823 ]
[1 0],[0.8790791  0.12092089]
[1 0],[0.87907904 0.12092096]
[0 1],[0.12101773 0.8789823 ]
[0 1],[0.12101779 0.8789822 ]
[0 1],[0.12101773 0.8789823 ]
[0 1],[0.12101775 0.8789823 ]
[1 0],[0.87907904 0.12092099]
[1 0],[0.87907904 0.12092097]
[1 0],[0.87907904 0.12092099]
[1 0],[0.87907904 0.12092096]
[1 0],[0.87907904 0.12092093]
[0 1],[0.12101775 0.8789822 ]
[1 0],[0.87907904 0.120921  ]
[1 0],[0.87907904 0.12092097]
[0 1],[0.12101773 0.8789823 ]
[0 1],[0.12101773 0.8789823 ]
[1 0],[0.8790803  0.12091969]
[1 0],[0.87907904 0.12092096]
[1 0],[0.87907904 0.12092096]
[1 0],[0.87907904 0.12092097]
[1 0],[0.87907904 0.12092096]
[0 1],[0.12101773 0.8789823 ]
[0 1],[0.12101772 0.8789823 ]
[1 0],[0.87907904 0.12092099]
[0 1],[0.12101738 0.87898266]
[1 0],[0.87907904 0.12092097]
[0 1],[0.12101746 0.8789826 ]
[1 0],[0.8790792  0.12092084]
[1 0],[0.8790792  0.12092084]
[0 1],[0.12101775 0.8789823 ]
[0 1],[0.12101784 0.8789821 ]
[1 0],[0.87907904 0.12092096]
[1 0],[0.87907904 0.12092097]
[0 1],[0.1210177 0.8789823]
[1 0],[0.87907904 0.12092097]
[0 1],[0.12101775 0.8789822 ]
[0 1],[0.12101773 0.8789823 ]
[1 0],[0.87907904 0.12092099]
[1 0],[0.87907964 0.12092036]
[1 0],[0.8790791  0.12092089]
[1 0],[0.87907904 0.12092096]
[1 0],[0.87907904 0.12092096]
[0 1],[0.12101784 0.8789821 ]
[1 0],[0.8790789  0.12092104]
[1 0],[0.87907904 0.12092096]
[1 0],[0.87907904 0.12092097]
[0 1],[0.12101773 0.8789823 ]
[0 1],[0.12101773 0.8789823 ]
[0 1],[0.12101773 0.8789823 ]
[1 0],[0.87907904 0.12092097]
[1 0],[0.8790791  0.12092093]
[1 0],[0.87907904 0.12092095]
[1 0],[0.87907904 0.12092096]
[1 0],[0.87907904 0.12092099]
[0 1],[0.12101763 0.87898237]
[0 1],[0.12104405 0.87895596]
[0 1],[0.12101768 0.8789823 ]
[1 0],[0.87907904 0.12092102]
[1 0],[0.87907904 0.12092096]
[1 0],[0.87907904 0.12092096]
[1 0],[0.8790808 0.1209192]
[1 0],[0.87907904 0.12092099]
[1 0],[0.87907904 0.12092096]
[0 1],[0.12101773 0.8789823 ]
[1 0],[0.8781262  0.12187384]
[0 1],[0.12101789 0.8789821 ]
[0 1],[0.12101773 0.8789823 ]
[1 0],[0.87907904 0.12092099]
[0 1],[0.12101775 0.8789823 ]
[0 1],[0.12101773 0.8789823 ]
[0 1],[0.12101691 0.878983  ]
[0 1],[0.12101773 0.8789823 ]
[1 0],[0.87907904 0.12092096]
[0 1],[0.12101775 0.8789823 ]
[1 0],[0.87907904 0.12092096]
[1 0],[0.87907904 0.12092097]
[1 0],[0.87907904 0.12092096]
[1 0],[0.87907904 0.12092096]
[1 0],[0.87907857 0.12092143]
[1 0],[0.87880945 0.12119052]
[1 0],[0.87907904 0.12092099]
[0 1],[0.1210177 0.8789823]
[1 0],[0.87907904 0.12092097]
[1 0],[0.87907904 0.12092099]
[1 0],[0.87907904 0.12092097]
[0 1],[0.12101773 0.8789823 ]
[0 1],[0.12101775 0.8789822 ]
[0 1],[0.12101676 0.8789832 ]
[0 1],[0.12101775 0.8789822 ]
[1 0],[0.87907904 0.12092097]
[0 1],[0.12101775 0.8789822 ]
[0 1],[0.12101426 0.8789858 ]
[0 1],[0.1210177 0.8789823]
[0 1],[0.1210171  0.87898296]
[1 0],[0.87907904 0.12092096]
[0 1],[0.12101775 0.8789823 ]
[0 1],[0.12101769 0.8789823 ]
[1 0],[0.87907904 0.12092099]
[1 0],[0.8790791  0.12092087]
[1 0],[0.8790791  0.12092092]
[1 0],[0.8790792  0.12092084]
[0 1],[0.12101784 0.8789821 ]
[0 1],[0.12101773 0.8789823 ]
[1 0],[0.8790796  0.12092038]
[0 1],[0.12101779 0.8789822 ]
[0 1],[0.12101773 0.8789823 ]
[0 1],[0.12101789 0.8789821 ]
[1 0],[0.87907904 0.12092099]
[1 0],[0.87907904 0.12092097]
[1 0],[0.87907904 0.12092096]
[0 1],[0.12101773 0.8789823 ]
[1 0],[0.87907904 0.12092097]
[0 1],[0.12101768 0.8789823 ]
[1 0],[0.87907904 0.12092097]
[1 0],[0.87907904 0.12092097]
[1 0],[0.8790791  0.12092092]
[1 0],[0.87907904 0.12092099]
[1 0],[0.87907904 0.12092096]
[1 0],[0.87907904 0.12092096]
[0 1],[0.12101775 0.8789823 ]
[0 1],[0.12101773 0.8789823 ]
[0 1],[0.12101773 0.8789823 ]
[0 1],[0.12101772 0.8789823 ]
[0 1],[0.12101773 0.8789823 ]
[1 0],[0.87907904 0.12092097]
[0 1],[0.12101775 0.8789823 ]
[1 0],[0.87907904 0.12092102]
[0 1],[0.12101775 0.8789822 ]
[0 1],[0.12101778 0.8789822 ]
[1 0],[0.87907904 0.12092096]
[1 0],[0.87907904 0.12092096]
[1 0],[0.87907904 0.12092097]
[0 1],[0.12101773 0.8789823 ]
[1 0],[0.87907904 0.12092096]
[0 1],[0.12101775 0.8789823 ]
[1 0],[0.87907904 0.12092099]
[1 0],[0.87907904 0.12092097]
[1 0],[0.87907904 0.12092096]
[0 1],[0.12101508 0.87898487]
[1 0],[0.87907904 0.12092097]
[1 0],[0.87907904 0.12092096]
[1 0],[0.87907904 0.12092097]
[0 1],[0.12101772 0.8789823 ]
[1 0],[0.87907904 0.12092099]
[0 1],[0.12101775 0.8789822 ]
[1 0],[0.87907904 0.12092095]
[0 1],[0.12101773 0.8789823 ]
[1 0],[0.87907904 0.12092099]
[0 1],[0.12101768 0.8789823 ]
[0 1],[0.12101773 0.8789823 ]
[1 0],[0.87907904 0.12092099]
[1 0],[0.8790793 0.1209207]
[1 0],[0.87907517 0.12092485]
[1 0],[0.87907904 0.12092097]
[0 1],[0.1210177 0.8789823]
[1 0],[0.87907904 0.12092096]
[1 0],[0.87907904 0.12092099]
[1 0],[0.87907904 0.12092093]
[0 1],[0.12101794 0.8789821 ]
[0 1],[0.12101773 0.8789823 ]
[0 1],[0.12101775 0.8789823 ]
[0 1],[0.12101773 0.8789823 ]
[1 0],[0.87907904 0.12092099]
[1 0],[0.87907904 0.12092096]
[1 0],[0.87907904 0.12092096]
[1 0],[0.87907904 0.12092099]
[1 0],[0.87907904 0.12092096]
[0 1],[0.12101673 0.8789833 ]
[1 0],[0.87907904 0.12092096]
[1 0],[0.87907904 0.12092097]
[1 0],[0.8790804  0.12091959]
[1 0],[0.87907904 0.12092097]
[1 0],[0.8790789  0.12092105]
[1 0],[0.87907904 0.12092096]
[1 0],[0.8790771 0.1209229]
[0 1],[0.12101775 0.8789822 ]
[0 1],[0.12101769 0.8789823 ]
[1 0],[0.87907904 0.12092099]
[0 1],[0.12101772 0.8789823 ]
[0 1],[0.12101773 0.8789823 ]
[0 1],[0.12101807 0.87898195]
[0 1],[0.12101775 0.8789823 ]
[0 1],[0.12101772 0.8789823 ]
[0 1],[0.12101778 0.8789822 ]
[1 0],[0.8790792  0.12092084]
[1 0],[0.87907904 0.12092096]
[1 0],[0.87907904 0.12092097]
[1 0],[0.8790793  0.12092068]
[0 1],[0.12101773 0.8789823 ]
[0 1],[0.12101775 0.8789823 ]
[0 1],[0.12101773 0.8789823 ]
[1 0],[0.87907904 0.12092096]
[1 0],[0.87907904 0.12092096]
[0 1],[0.12101786 0.8789821 ]
[0 1],[0.12101781 0.8789822 ]
[0 1],[0.12101734 0.87898266]
[1 0],[0.87907904 0.12092096]
[0 1],[0.12101773 0.8789823 ]
[0 1],[0.12101773 0.8789823 ]
[0 1],[0.12101773 0.8789823 ]
[1 0],[0.87907904 0.12092096]
[1 0],[0.87907904 0.12092096]
[0 1],[0.12101775 0.8789822 ]
[1 0],[0.87907904 0.12092096]
[1 0],[0.87907904 0.12092096]
[1 0],[0.87907904 0.12092099]
[0 1],[0.12101769 0.8789823 ]
[1 0],[0.87907904 0.12092102]
[1 0],[0.87907904 0.12092096]
[0 1],[0.12101773 0.8789823 ]
[0 1],[0.12101775 0.8789822 ]
[0 1],[0.12101775 0.8789823 ]
[0 1],[0.12101757 0.87898237]
[0 1],[0.12101765 0.8789823 ]
[0 1],[0.12101775 0.8789822 ]
[1 0],[0.87907904 0.12092099]
[1 0],[0.87907904 0.12092099]
[0 1],[0.12101775 0.8789823 ]
[0 1],[0.12101773 0.8789823 ]
[1 0],[0.87907904 0.12092096]
[0 1],[0.12101773 0.8789823 ]
[0 1],[0.12101775 0.8789823 ]
[1 0],[0.87907904 0.12092102]
[0 1],[0.12101773 0.8789823 ]
[0 1],[0.12101772 0.8789823 ]
[1 0],[0.87907904 0.12092096]
[0 1],[0.12101773 0.8789823 ]
[1 0],[0.87907904 0.12092097]
[1 0],[0.87907904 0.12092096]
[1 0],[0.87907904 0.12092096]
[0 1],[0.12101773 0.8789823 ]
[1 0],[0.87907904 0.12092102]
[0 1],[0.12101775 0.8789822 ]
[1 0],[0.8790791  0.12092092]
[1 0],[0.87907976 0.12092022]
[1 0],[0.87907904 0.12092096]
[0 1],[0.12101781 0.8789822 ]
[0 1],[0.12101776 0.8789822 ]
[1 0],[0.87907904 0.12092096]
[0 1],[0.12101786 0.8789821 ]
[1 0],[0.87907904 0.12092096]
[1 0],[0.87907904 0.12092096]
[1 0],[0.87907904 0.12092096]
[1 0],[0.87907904 0.12092096]
[0 1],[0.12101773 0.8789823 ]
[0 1],[0.12101769 0.8789823 ]
[0 1],[0.12101773 0.8789823 ]
[1 0],[0.87907904 0.12092097]
[0 1],[0.12101773 0.8789823 ]
[0 1],[0.12101773 0.8789823 ]
[0 1],[0.12101773 0.8789823 ]
[1 0],[0.87908006 0.12091997]
[0 1],[0.12101736 0.87898266]
[0 1],[0.1210177 0.8789823]
[1 0],[0.87907904 0.12092097]
[0 1],[0.12101773 0.8789823 ]
[1 0],[0.87907904 0.12092096]
[0 1],[0.12101778 0.8789822 ]
[0 1],[0.12101773 0.8789823 ]
[0 1],[0.12101906 0.87898093]
[0 1],[0.12101773 0.8789823 ]
[1 0],[0.87907904 0.12092102]
[0 1],[0.12101773 0.8789823 ]
[0 1],[0.12101773 0.8789823 ]
[0 1],[0.12101773 0.8789823 ]
[0 1],[0.12101773 0.8789823 ]
[0 1],[0.12101775 0.8789823 ]
[0 1],[0.12101781 0.8789822 ]
[0 1],[0.12101775 0.8789823 ]
[0 1],[0.12101773 0.8789823 ]
[1 0],[0.87907904 0.12092096]
[1 0],[0.87907904 0.12092097]
[0 1],[0.12101842 0.8789816 ]
[1 0],[0.87907904 0.12092095]
[0 1],[0.12101775 0.8789822 ]
[0 1],[0.12101775 0.8789823 ]
[0 1],[0.12101775 0.8789822 ]
[1 0],[0.87907904 0.12092097]
[1 0],[0.8790792  0.12092081]
[1 0],[0.87907904 0.12092096]
[0 1],[0.12101786 0.8789821 ]
