[1 0],[0.8691625  0.13083749]
[1 0],[0.86614114 0.13385884]
[0 1],[0.1428687 0.8571313]
[1 0],[0.8501592  0.14984076]
[0 1],[0.13937116 0.86062884]
[1 0],[0.86875993 0.13124001]
[0 1],[0.15436944 0.8456306 ]
[0 1],[0.13980557 0.8601944 ]
[0 1],[0.1403752 0.8596248]
[1 0],[0.8691219  0.13087806]
[0 1],[0.14203304 0.85796696]
[1 0],[0.8432884  0.15671164]
[0 1],[0.13939291 0.86060715]
[1 0],[0.8691452  0.13085477]
[1 0],[0.86913663 0.1308633 ]
[1 0],[0.86917573 0.13082421]
[1 0],[0.86917657 0.13082343]
[0 1],[0.14299993 0.85700005]
[0 1],[0.28567526 0.7143248 ]
[0 1],[0.14015281 0.8598472 ]
[1 0],[0.86917895 0.13082103]
[0 1],[0.14162977 0.8583702 ]
[1 0],[0.14374155 0.85625845]
[1 0],[0.8691206  0.13087931]
[0 1],[0.14025915 0.8597408 ]
[1 0],[0.8101974  0.18980257]
[0 1],[0.15363912 0.8463609 ]
[1 0],[0.1609455  0.83905447]
[0 1],[0.13939211 0.8606079 ]
[1 0],[0.86916023 0.13083975]
[0 1],[0.16826199 0.83173805]
[1 0],[0.86300117 0.13699879]
[0 1],[0.14006098 0.85993904]
[1 0],[0.8184185  0.18158145]
[0 1],[0.13975662 0.8602434 ]
[0 1],[0.13999969 0.8600003 ]
[1 0],[0.8623252  0.13767484]
[0 1],[0.14075011 0.85924995]
[1 0],[0.8691433  0.13085674]
[1 0],[0.86806655 0.13193344]
[1 0],[0.76838166 0.23161829]
[1 0],[0.8690966 0.1309034]
[0 1],[0.14129356 0.8587065 ]
[1 0],[0.82375115 0.1762489 ]
[1 0],[0.86773574 0.13226426]
[1 0],[0.8691703  0.13082963]
[0 1],[0.14090142 0.8590986 ]
[1 0],[0.8693679  0.13063212]
[1 0],[0.8600024  0.13999759]
[0 1],[0.14032759 0.8596724 ]
[1 0],[0.86902833 0.13097169]
[0 1],[0.1482222  0.85177785]
[1 0],[0.8693297 0.1306703]
[1 0],[0.866666   0.13333398]
[1 0],[0.86932564 0.13067436]
[1 0],[0.8591438 0.1408562]
[0 1],[0.15684353 0.8431565 ]
[1 0],[0.85363775 0.14636222]
[0 1],[0.14064135 0.85935867]
[1 0],[0.8689448  0.13105524]
[0 1],[0.14768866 0.8523114 ]
[1 0],[0.8505604 0.1494396]
[0 1],[0.14031069 0.85968935]
[0 1],[0.1404984  0.85950154]
[0 1],[0.13937002 0.86063004]
[1 0],[0.8685312  0.13146879]
[0 1],[0.14035255 0.8596474 ]
[1 0],[0.8677398  0.13226023]
[0 1],[0.14351256 0.8564874 ]
[1 0],[0.8674801  0.13251987]
[0 1],[0.13932358 0.86067647]
[1 0],[0.869135   0.13086501]
[1 0],[0.8663985  0.13360153]
[1 0],[0.81142867 0.18857135]
[0 1],[0.16266541 0.8373346 ]
[1 0],[0.15558688 0.84441316]
[1 0],[0.73706144 0.26293865]
[1 0],[0.8691269  0.13087307]
[0 1],[0.14007631 0.85992366]
[1 0],[0.86913735 0.13086265]
[0 1],[0.13985075 0.86014926]
[0 1],[0.14003298 0.859967  ]
[0 1],[0.16382971 0.83617026]
[0 1],[0.14635882 0.85364115]
[1 0],[0.8629758 0.1370242]
[1 0],[0.86837524 0.1316248 ]
[1 0],[0.8682732  0.13172677]
[0 1],[0.15022607 0.84977394]
[1 0],[0.86922103 0.13077895]
[0 1],[0.14181376 0.8581863 ]
[1 0],[0.8691375  0.13086247]
[0 1],[0.16365504 0.8363449 ]
[1 0],[0.86851287 0.13148718]
[1 0],[0.8493369  0.15066302]
[1 0],[0.8198199  0.18018013]
[1 0],[0.8693271  0.13067287]
[0 1],[0.14241038 0.8575896 ]
[0 1],[0.14266036 0.8573396 ]
[0 1],[0.14051612 0.85948384]
[1 0],[0.8693467  0.13065329]
[0 1],[0.13983458 0.86016536]
[0 1],[0.14158787 0.85841215]
[1 0],[0.8679329  0.13206705]
[0 1],[0.14430006 0.85569996]
[1 0],[0.8431664 0.1568336]
[0 1],[0.14118496 0.858815  ]
[1 0],[0.86843383 0.1315662 ]
[1 0],[0.86921716 0.13078283]
[0 1],[0.14470313 0.85529685]
[1 0],[0.86916447 0.13083556]
[1 0],[0.84694976 0.15305026]
[1 0],[0.8692342  0.13076583]
[0 1],[0.14001411 0.85998595]
[1 0],[0.8684978  0.13150227]
[0 1],[0.13937226 0.8606277 ]
[1 0],[0.86917394 0.13082607]
[0 1],[0.13942383 0.86057615]
[0 1],[0.14740591 0.852594  ]
[0 1],[0.14251593 0.85748404]
[1 0],[0.81235415 0.18764581]
[0 1],[0.14005426 0.8599457 ]
[0 1],[0.13999274 0.8600073 ]
[1 0],[0.86837125 0.13162869]
[0 1],[0.1420308  0.85796916]
[1 0],[0.798795 0.201205]
[0 1],[0.17180578 0.82819414]
[0 1],[0.13992773 0.86007226]
[0 1],[0.14244987 0.85755014]
[1 0],[0.86889744 0.1311025 ]
[1 0],[0.86935014 0.1306499 ]
[0 1],[0.1393536 0.8606464]
[1 0],[0.81699485 0.18300514]
[0 1],[0.13938488 0.8606151 ]
[1 0],[0.869151   0.13084906]
[1 0],[0.8512677  0.14873232]
[0 1],[0.13966179 0.8603382 ]
[1 0],[0.86912334 0.13087666]
[1 0],[0.86588454 0.13411546]
[0 1],[0.15053008 0.8494699 ]
[1 0],[0.869141   0.13085906]
[0 1],[0.14405413 0.8559458 ]
[0 1],[0.13934165 0.86065835]
[0 1],[0.13988994 0.8601101 ]
[0 1],[0.13971294 0.86028713]
[1 0],[0.86913574 0.13086428]
[0 1],[0.16370757 0.8362924 ]
[1 0],[0.86861    0.13139002]
[1 0],[0.8686244  0.13137563]
[0 1],[0.15101895 0.8489811 ]
[1 0],[0.86834383 0.13165613]
[0 1],[0.14021915 0.8597808 ]
[0 1],[0.14172435 0.8582757 ]
[1 0],[0.8679639  0.13203613]
[0 1],[0.14050968 0.8594903 ]
[0 1],[0.15155637 0.8484436 ]
[1 0],[0.8691191  0.13088094]
[1 0],[0.85539156 0.14460836]
[0 1],[0.14335896 0.85664105]
[1 0],[0.8675284  0.13247168]
[0 1],[0.1511275 0.8488725]
[1 0],[0.8684842  0.13151585]
[0 1],[0.14149028 0.85850966]
[1 0],[0.8685732  0.13142675]
[1 0],[0.868035   0.13196494]
[0 1],[0.14402314 0.85597694]
[1 0],[0.86948603 0.130514  ]
[1 0],[0.868533   0.13146695]
[0 1],[0.2391353  0.76086473]
[1 0],[0.86883384 0.13116618]
[0 1],[0.14104553 0.8589545 ]
[1 0],[0.86490375 0.1350962 ]
[1 0],[0.86924237 0.13075757]
[0 1],[0.14453323 0.8554668 ]
[1 0],[0.8213777  0.17862234]
[0 1],[0.13940513 0.86059487]
[1 0],[0.8027713  0.19722874]
[0 1],[0.14773983 0.85226023]
[1 0],[0.8129366  0.18706338]
[1 0],[0.8446791  0.15532085]
[1 0],[0.8686546  0.13134542]
[0 1],[0.14041767 0.8595823 ]
[1 0],[0.79131347 0.20868659]
[0 1],[0.14085612 0.8591439 ]
[1 0],[0.83425826 0.1657417 ]
[0 1],[0.14392099 0.85607904]
[1 0],[0.8655031  0.13449691]
[0 1],[0.1402713  0.85972863]
[1 0],[0.8460423  0.15395771]
[0 1],[0.13971749 0.86028254]
[0 1],[0.14142206 0.85857797]
[1 0],[0.8694598 0.1305402]
[0 1],[0.8611358  0.13886414]
[1 0],[0.8081534  0.19184655]
[0 1],[0.8647533  0.13524662]
[1 0],[0.8691992  0.13080074]
[1 0],[0.8422033 0.1577966]
[0 1],[0.2121277 0.7878723]
[1 0],[0.86072636 0.1392736 ]
[0 1],[0.14196266 0.85803735]
[0 1],[0.14713462 0.85286534]
[1 0],[0.86730826 0.13269177]
[1 0],[0.8692858  0.13071416]
[0 1],[0.14637345 0.85362655]
[1 0],[0.81807625 0.1819237 ]
[0 1],[0.13937673 0.8606233 ]
[1 0],[0.84230864 0.15769139]
[0 1],[0.13937244 0.86062765]
[1 0],[0.86862034 0.13137965]
[1 0],[0.1407094 0.8592906]
[0 1],[0.13973114 0.86026883]
[1 0],[0.8691438  0.13085623]
[0 1],[0.13976835 0.8602317 ]
[1 0],[0.86806464 0.13193533]
[0 1],[0.13936001 0.86064   ]
[1 0],[0.86763054 0.13236938]
[0 1],[0.14044152 0.85955846]
[1 0],[0.8674428  0.13255723]
[0 1],[0.14060922 0.8593908 ]
[1 0],[0.86917734 0.13082261]
[0 1],[0.14039901 0.859601  ]
[1 0],[0.8667524 0.1332476]
[1 0],[0.86425257 0.13574743]
[1 0],[0.8691616  0.13083841]
[0 1],[0.14534763 0.8546524 ]
[0 1],[0.14045171 0.8595482 ]
[0 1],[0.16223283 0.8377672 ]
[1 0],[0.8036024 0.1963976]
[1 0],[0.8691272  0.13087285]
[0 1],[0.14547984 0.85452014]
[1 0],[0.8504009  0.14959905]
[1 0],[0.8623752  0.13762477]
[0 1],[0.14308158 0.8569184 ]
[1 0],[0.799338   0.20066196]
[0 1],[0.13936763 0.86063236]
[1 0],[0.86935127 0.13064872]
[1 0],[0.86868644 0.13131356]
[1 0],[0.8694438  0.13055624]
[0 1],[0.14024228 0.8597577 ]
[1 0],[0.8691471  0.13085295]
[0 1],[0.13937433 0.8606257 ]
[1 0],[0.8691223  0.13087763]
[0 1],[0.1405268 0.8594732]
[1 0],[0.8459334 0.1540666]
[0 1],[0.14462712 0.8553729 ]
[1 0],[0.8164985  0.18350144]
[1 0],[0.8634899  0.13651009]
[0 1],[0.1393902  0.86060977]
[0 1],[0.14000708 0.85999286]
[1 0],[0.8692448  0.13075519]
[1 0],[0.5970364  0.40296358]
[0 1],[0.14392078 0.8560792 ]
[1 0],[0.86854607 0.13145398]
[0 1],[0.13945334 0.86054665]
[0 1],[0.13947903 0.86052096]
[1 0],[0.86541045 0.1345895 ]
[1 0],[0.85692763 0.14307235]
[1 0],[0.8690678  0.13093221]
[1 0],[0.85404974 0.14595023]
[0 1],[0.1572318 0.8427682]
[0 1],[0.13935761 0.8606424 ]
[1 0],[0.8691769 0.1308231]
[1 0],[0.8209542  0.17904575]
[0 1],[0.14034712 0.8596529 ]
[1 0],[0.79152775 0.20847228]
[1 0],[0.8667205  0.13327952]
[0 1],[0.14367092 0.8563291 ]
[1 0],[0.86721456 0.13278547]
[0 1],[0.1412812 0.8587189]
[1 0],[0.848245   0.15175496]
[0 1],[0.14227661 0.8577234 ]
[0 1],[0.13975176 0.8602482 ]
[1 0],[0.86900234 0.13099763]
[0 1],[0.14269282 0.85730714]
[1 0],[0.8691685  0.13083145]
[0 1],[0.14066787 0.85933214]
[1 0],[0.84448117 0.15551879]
[0 1],[0.15254785 0.8474521 ]
[1 0],[0.8660171  0.13398293]
[0 1],[0.14686693 0.853133  ]
[0 1],[0.14000499 0.859995  ]
[1 0],[0.86918175 0.13081819]
[0 1],[0.13937621 0.8606237 ]
[1 0],[0.8525611  0.14743893]
[0 1],[0.13940828 0.8605917 ]
[0 1],[0.13983898 0.86016095]
[1 0],[0.8432891  0.15671095]
[0 1],[0.14083345 0.8591665 ]
[1 0],[0.8440707  0.15592933]
[0 1],[0.14054959 0.8594504 ]
[0 1],[0.13950357 0.86049646]
[0 1],[0.13938132 0.8606187 ]
[1 0],[0.86923844 0.13076155]
[0 1],[0.13938516 0.86061484]
[1 0],[0.86914784 0.13085218]
[0 1],[0.14118579 0.85881424]
[0 1],[0.14994802 0.850052  ]
[0 1],[0.14388987 0.85611016]
[1 0],[0.8686454  0.13135462]
[1 0],[0.86913955 0.13086042]
[0 1],[0.14055777 0.85944223]
[1 0],[0.14999717 0.8500028 ]
[0 1],[0.14159794 0.8584021 ]
[0 1],[0.15524004 0.84475994]
[1 0],[0.8691438  0.13085623]
[0 1],[0.14265561 0.8573444 ]
[1 0],[0.15264256 0.84735745]
[0 1],[0.14187182 0.8581282 ]
[1 0],[0.8694882  0.13051184]
[0 1],[0.14038555 0.8596145 ]
[1 0],[0.8680922  0.13190788]
[0 1],[0.13988537 0.8601146 ]
[0 1],[0.14080113 0.85919887]
[1 0],[0.8681155  0.13188447]
[0 1],[0.1455001 0.8544999]
[0 1],[0.14002132 0.8599787 ]
[0 1],[0.14045256 0.85954744]
[1 0],[0.86914086 0.1308591 ]
[1 0],[0.8691431  0.13085684]
[0 1],[0.13986322 0.8601368 ]
[0 1],[0.1393542  0.86064583]
[1 0],[0.86921453 0.1307854 ]
[1 0],[0.8660038  0.13399619]
[0 1],[0.13998686 0.8600132 ]
[1 0],[0.8078964  0.19210355]
[1 0],[0.8506791  0.14932084]
[1 0],[0.8630728  0.13692717]
[0 1],[0.14303926 0.8569608 ]
[0 1],[0.14111261 0.8588874 ]
[1 0],[0.86750484 0.13249512]
[0 1],[0.15006182 0.8499382 ]
[1 0],[0.8691218 0.1308782]
[0 1],[0.14334768 0.85665226]
[1 0],[0.81153226 0.1884677 ]
[0 1],[0.14744653 0.8525535 ]
[1 0],[0.8683415  0.13165846]
[0 1],[0.13939185 0.8606081 ]
[1 0],[0.868102   0.13189796]
[0 1],[0.141592 0.858408]
[1 0],[0.1427708 0.8572292]
[0 1],[0.13938087 0.8606191 ]
[1 0],[0.86885977 0.1311403 ]
[1 0],[0.86857814 0.13142183]
[1 0],[0.867975   0.13202494]
[0 1],[0.14911218 0.85088784]
[0 1],[0.13992654 0.8600735 ]
[0 1],[0.16370672 0.8362933 ]
[1 0],[0.7965618  0.20343825]
[0 1],[0.14170276 0.85829717]
[1 0],[0.86939067 0.13060935]
[0 1],[0.14051612 0.85948384]
[1 0],[0.86336964 0.13663043]
[0 1],[0.13940227 0.8605978 ]
[1 0],[0.86911505 0.13088496]
[0 1],[0.14222075 0.85777926]
[0 1],[0.1405707  0.85942924]
[1 0],[0.8695581  0.13044193]
[0 1],[0.13986652 0.86013347]
[1 0],[0.8682189  0.13178101]
[1 0],[0.8694065 0.1305935]
[1 0],[0.79560775 0.2043923 ]
[0 1],[0.14168447 0.8583155 ]
[1 0],[0.8691816  0.13081841]
[1 0],[0.7959726  0.20402737]
[1 0],[0.8683811  0.13161895]
[0 1],[0.1407089  0.85929114]
[1 0],[0.86809474 0.13190518]
[0 1],[0.1408003 0.8591997]
[1 0],[0.869119   0.13088104]
[0 1],[0.13950975 0.86049026]
[1 0],[0.86912245 0.13087758]
[0 1],[0.8038735  0.19612646]
[1 0],[0.8483218  0.15167822]
[0 1],[0.1428388  0.85716116]
[1 0],[0.81218773 0.18781221]
[1 0],[0.86875314 0.13124685]
[0 1],[0.16751893 0.8324811 ]
[0 1],[0.14362103 0.856379  ]
[1 0],[0.81718576 0.18281426]
[0 1],[0.14750959 0.8524904 ]
[1 0],[0.8377716  0.16222836]
[0 1],[0.20436914 0.7956308 ]
[1 0],[0.8693935  0.13060638]
[0 1],[0.13935606 0.860644  ]
[0 1],[0.13940316 0.86059684]
[1 0],[0.8692582  0.13074178]
[1 0],[0.8691271  0.13087285]
[0 1],[0.14528568 0.8547143 ]
[0 1],[0.1430271  0.85697293]
[0 1],[0.15385231 0.84614766]
[1 0],[0.79927754 0.20072252]
[0 1],[0.14802541 0.85197455]
[1 0],[0.86790097 0.13209906]
[0 1],[0.13990656 0.8600934 ]
[1 0],[0.8691408  0.13085923]
[0 1],[0.14011332 0.85988665]
[0 1],[0.139419 0.860581]
[1 0],[0.8691798  0.13082021]
[0 1],[0.14371397 0.85628605]
[0 1],[0.15112135 0.8488787 ]
[1 0],[0.8691593  0.13084076]
[0 1],[0.1393711  0.86062884]
[1 0],[0.8691788  0.13082117]
[0 1],[0.14625637 0.8537436 ]
[0 1],[0.15533236 0.8446676 ]
[0 1],[0.14817192 0.8518281 ]
[1 0],[0.7701797  0.22982024]
[0 1],[0.15493968 0.84506035]
[1 0],[0.8244726  0.17552741]
[0 1],[0.13934965 0.8606504 ]
[1 0],[0.86949176 0.13050821]
[0 1],[0.14372718 0.85627276]
[1 0],[0.8372399 0.1627601]
[0 1],[0.13987829 0.8601217 ]
[0 1],[0.23255803 0.76744205]
[1 0],[0.85102814 0.14897187]
[0 1],[0.14414555 0.85585445]
[1 0],[0.86915755 0.13084249]
[0 1],[0.13936864 0.86063135]
[0 1],[0.1435427 0.8564573]
[1 0],[0.8691295 0.1308706]
[1 0],[0.84761083 0.15238911]
[1 0],[0.8691466  0.13085344]
[0 1],[0.16140296 0.83859706]
[1 0],[0.8617516 0.1382484]
[0 1],[0.14526528 0.8547348 ]
[1 0],[0.8277548  0.17224519]
[0 1],[0.13937078 0.8606292 ]
[1 0],[0.81058735 0.18941268]
[0 1],[0.1499397  0.85006034]
[1 0],[0.8691503 0.1308498]
[0 1],[0.13947237 0.8605277 ]
[0 1],[0.14158337 0.8584167 ]
[1 0],[0.8692585  0.13074154]
[0 1],[0.13943924 0.8605608 ]
[1 0],[0.86485624 0.13514376]
[0 1],[0.14075196 0.859248  ]
[0 1],[0.14034429 0.8596557 ]
[1 0],[0.83232033 0.16767962]
[0 1],[0.13935821 0.8606418 ]
[1 0],[0.86911213 0.13088787]
[0 1],[0.13938504 0.8606149 ]
[1 0],[0.86920637 0.13079369]
[0 1],[0.14352421 0.8564758 ]
[0 1],[0.14034434 0.8596557 ]
[0 1],[0.14264748 0.8573525 ]
[1 0],[0.8691676  0.13083234]
[0 1],[0.1397606 0.8602394]
[1 0],[0.86902356 0.13097642]
[1 0],[0.7523373  0.24766272]
[0 1],[0.85573345 0.14426658]
[1 0],[0.8144319  0.18556812]
[0 1],[0.13994634 0.86005366]
[1 0],[0.75628006 0.24371989]
[1 0],[0.8682022  0.13179778]
[0 1],[0.142282 0.857718]
[1 0],[0.8221007  0.17789926]
[0 1],[0.1416716 0.8583284]
[1 0],[0.7909101  0.20908986]
[0 1],[0.14865248 0.8513475 ]
[1 0],[0.8694216  0.13057846]
[0 1],[0.13944475 0.86055523]
[1 0],[0.8692284 0.1307716]
[0 1],[0.1398415 0.8601585]
[1 0],[0.86921966 0.13078034]
[0 1],[0.13987678 0.8601232 ]
[0 1],[0.14010537 0.8598947 ]
[1 0],[0.8691368  0.13086313]
[0 1],[0.14205265 0.8579474 ]
[0 1],[0.13979481 0.86020523]
[1 0],[0.86928535 0.13071464]
[0 1],[0.13996907 0.86003095]
[1 0],[0.8692684  0.13073161]
[0 1],[0.14067584 0.85932416]
[1 0],[0.86723125 0.13276882]
[0 1],[0.17523776 0.8247622 ]
[0 1],[0.14161493 0.8583851 ]
[1 0],[0.8691979 0.1308021]
[0 1],[0.14337805 0.8566219 ]
[1 0],[0.8684868  0.13151318]
[0 1],[0.14968626 0.8503138 ]
[1 0],[0.14000224 0.85999775]
[1 0],[0.7775431  0.22245692]
[1 0],[0.8632498  0.13675025]
[0 1],[0.14985412 0.8501459 ]
[0 1],[0.14226131 0.8577387 ]
[0 1],[0.14129327 0.8587067 ]
[1 0],[0.8645686  0.13543145]
[1 0],[0.8690867 0.1309133]
[0 1],[0.13999788 0.86000216]
[1 0],[0.7910922  0.20890778]
[1 0],[0.86914104 0.13085891]
[0 1],[0.13936901 0.860631  ]
[1 0],[0.82944864 0.17055137]
[0 1],[0.14120825 0.8587917 ]
[1 0],[0.8484973  0.15150277]
[0 1],[0.1413142 0.8586858]
[0 1],[0.1400425  0.85995746]
[0 1],[0.14614983 0.8538501 ]
[0 1],[0.1409208  0.85907924]
[0 1],[0.13933882 0.86066115]
[1 0],[0.8611242  0.13887575]
[0 1],[0.13937189 0.8606281 ]
[1 0],[0.7768474  0.22315265]
[1 0],[0.851552   0.14844806]
[0 1],[0.13959064 0.8604093 ]
[1 0],[0.85312235 0.14687762]
[0 1],[0.8629538  0.13704619]
[1 0],[0.86930484 0.13069521]
[0 1],[0.13939847 0.8606015 ]
[1 0],[0.69402844 0.30597156]
[0 1],[0.14138035 0.8586197 ]
[1 0],[0.844123   0.15587705]
[0 1],[0.14177029 0.8582297 ]
[1 0],[0.8681668  0.13183315]
[1 0],[0.85916686 0.14083308]
[0 1],[0.14716293 0.8528371 ]
[1 0],[0.86705637 0.13294366]
[0 1],[0.15976498 0.840235  ]
[1 0],[0.8692696  0.13073039]
[0 1],[0.13980116 0.8601988 ]
[1 0],[0.81465775 0.1853423 ]
[0 1],[0.14062949 0.8593705 ]
[0 1],[0.14012675 0.85987324]
[1 0],[0.84420615 0.1557938 ]
[1 0],[0.8689138  0.13108616]
[0 1],[0.1598797 0.8401203]
[0 1],[0.14063023 0.85936975]
[1 0],[0.8691426  0.13085741]
[0 1],[0.13946073 0.86053926]
[1 0],[0.86912477 0.13087523]
[0 1],[0.20573202 0.79426795]
[1 0],[0.86912704 0.13087296]
[0 1],[0.13938296 0.86061704]
[1 0],[0.86920357 0.13079646]
[0 1],[0.14165832 0.85834175]
[1 0],[0.86922187 0.13077816]
[1 0],[0.869197   0.13080299]
[1 0],[0.8691363 0.1308637]
[1 0],[0.85325557 0.14674439]
[0 1],[0.14729796 0.852702  ]
[1 0],[0.86425924 0.13574082]
[0 1],[0.14035052 0.85964954]
[0 1],[0.13955925 0.86044073]
[1 0],[0.8692307 0.1307693]
[1 0],[0.8692559  0.13074411]
[0 1],[0.13938639 0.8606136 ]
[1 0],[0.85049474 0.14950526]
[0 1],[0.13976982 0.8602302 ]
[0 1],[0.14052767 0.85947233]
[1 0],[0.8694849  0.13051505]
[0 1],[0.1454583 0.8545417]
[0 1],[0.13939007 0.86060995]
[1 0],[0.8684793  0.13152066]
[1 0],[0.86915743 0.13084255]
[1 0],[0.8474105  0.15258953]
[0 1],[0.1395034  0.86049664]
[1 0],[0.86627513 0.13372484]
[0 1],[0.15946928 0.84053075]
[1 0],[0.86912864 0.1308714 ]
[0 1],[0.14277416 0.85722584]
[0 1],[0.18334702 0.816653  ]
[0 1],[0.1479513  0.85204875]
[0 1],[0.13983288 0.86016715]
[0 1],[0.1403126 0.8596874]
[1 0],[0.81879395 0.18120599]
[0 1],[0.14072192 0.8592781 ]
[0 1],[0.1407729 0.8592271]
[0 1],[0.13985242 0.86014754]
[0 1],[0.14182818 0.8581718 ]
[1 0],[0.8631186  0.13688143]
[1 0],[0.80950975 0.19049023]
[0 1],[0.14410552 0.85589445]
[1 0],[0.84936947 0.15063052]
[0 1],[0.14339563 0.85660434]
[1 0],[0.869114   0.13088608]
[0 1],[0.14824393 0.85175604]
[1 0],[0.86915374 0.13084623]
[0 1],[0.15667629 0.84332377]
[1 0],[0.8685279 0.1314721]
[0 1],[0.14722154 0.8527785 ]
[1 0],[0.86915964 0.1308404 ]
[0 1],[0.14407358 0.85592645]
[0 1],[0.13979779 0.86020225]
[1 0],[0.15395646 0.8460435 ]
[0 1],[0.14149427 0.8585057 ]
[1 0],[0.86955    0.13044997]
[1 0],[0.86919826 0.13080177]
[0 1],[0.13978742 0.86021256]
[1 0],[0.8694607  0.13053934]
[0 1],[0.1405228 0.8594773]
[1 0],[0.8690343  0.13096575]
[0 1],[0.1526424 0.8473576]
[1 0],[0.8669603  0.13303976]
[0 1],[0.13940462 0.8605954 ]
[0 1],[0.14064859 0.85935146]
[1 0],[0.85644263 0.14355734]
[0 1],[0.14152114 0.85847884]
[1 0],[0.86450416 0.13549587]
[0 1],[0.14308994 0.85691005]
[1 0],[0.869193   0.13080694]
[1 0],[0.8144728  0.18552722]
[0 1],[0.14029387 0.8597061 ]
[0 1],[0.13968875 0.86031127]
[0 1],[0.13955888 0.8604412 ]
[1 0],[0.86897874 0.13102125]
[1 0],[0.8691427  0.13085729]
[0 1],[0.14035276 0.8596472 ]
[1 0],[0.8497639  0.15023613]
[0 1],[0.14828473 0.8517152 ]
[0 1],[0.14344877 0.85655123]
[1 0],[0.869125   0.13087496]
[1 0],[0.8685017 0.1314983]
[1 0],[0.86951005 0.13048992]
[0 1],[0.14011481 0.85988516]
[1 0],[0.8691546 0.1308454]
[0 1],[0.14051643 0.8594836 ]
[1 0],[0.86928767 0.13071229]
[1 0],[0.8691329  0.13086714]
[0 1],[0.13937671 0.8606233 ]
[1 0],[0.841619   0.15838093]
[1 0],[0.85699373 0.14300624]
[0 1],[0.16995999 0.83004   ]
[1 0],[0.86916006 0.13083997]
[0 1],[0.15062918 0.84937084]
[1 0],[0.86833656 0.13166341]
[0 1],[0.140574 0.859426]
[1 0],[0.8692112  0.13078874]
[0 1],[0.1497861 0.8502139]
[0 1],[0.21997362 0.7800264 ]
[1 0],[0.8685648  0.13143525]
[0 1],[0.14190581 0.8580942 ]
[0 1],[0.14059216 0.85940784]
[0 1],[0.14040557 0.85959446]
[1 0],[0.869126   0.13087395]
[0 1],[0.1464503 0.8535497]
[1 0],[0.16708972 0.8329103 ]
[0 1],[0.14062676 0.8593733 ]
[0 1],[0.14010827 0.8598917 ]
[1 0],[0.86658764 0.13341235]
[0 1],[0.13981512 0.86018485]
