[1 0],[0.8795428  0.12045718]
[0 1],[0.12045958 0.87954044]
[0 1],[0.12045921 0.8795408 ]
[0 1],[0.12045973 0.87954026]
[0 1],[0.12045973 0.87954026]
[0 1],[0.12045969 0.8795403 ]
[1 0],[0.8795428  0.12045718]
[1 0],[0.87954247 0.12045754]
[0 1],[0.12045936 0.8795406 ]
[0 1],[0.12045965 0.8795403 ]
[0 1],[0.12045973 0.87954026]
[0 1],[0.12045958 0.87954044]
[0 1],[0.12045998 0.87954   ]
[1 0],[0.8795428  0.12045713]
[1 0],[0.8795428  0.12045716]
[0 1],[0.12045965 0.8795403 ]
[1 0],[0.87954247 0.12045756]
[1 0],[0.8795428  0.12045719]
[1 0],[0.8795428  0.12045713]
[0 1],[0.12045971 0.87954026]
[1 0],[0.8795428 0.1204572]
[0 1],[0.12045943 0.8795406 ]
[1 0],[0.8795428  0.12045715]
[0 1],[0.12045991 0.87954   ]
[0 1],[0.12045977 0.87954026]
[1 0],[0.8795428  0.12045716]
[0 1],[0.12045977 0.87954026]
[1 0],[0.8795428  0.12045715]
[0 1],[0.12045977 0.87954026]
[0 1],[0.12045968 0.8795403 ]
[0 1],[0.12045985 0.87954015]
[0 1],[0.12045969 0.8795403 ]
[1 0],[0.8795428 0.1204572]
[1 0],[0.8795429  0.12045711]
[1 0],[0.87954265 0.12045739]
[1 0],[0.8795428  0.12045715]
[0 1],[0.12045989 0.87954015]
[1 0],[0.879543   0.12045703]
[1 0],[0.8795431  0.12045694]
[1 0],[0.8795428 0.1204572]
[1 0],[0.879543   0.12045703]
[1 0],[0.8795429  0.12045708]
[0 1],[0.12045998 0.87954   ]
[0 1],[0.12045904 0.879541  ]
[1 0],[0.8795429  0.12045705]
[0 1],[0.12045971 0.8795403 ]
[1 0],[0.8795428  0.12045716]
[1 0],[0.8795429  0.12045708]
[0 1],[0.1204596  0.87954044]
[0 1],[0.12045989 0.87954   ]
[1 0],[0.8795429  0.12045711]
[1 0],[0.8795425  0.12045743]
[1 0],[0.8795428  0.12045715]
[1 0],[0.87954235 0.12045763]
[1 0],[0.8795428  0.12045718]
[1 0],[0.879543   0.12045701]
[1 0],[0.8795429  0.12045705]
[1 0],[0.8795425  0.12045746]
[0 1],[0.12045971 0.8795403 ]
[1 0],[0.8795425  0.12045746]
[0 1],[0.12045944 0.8795405 ]
[1 0],[0.8795428 0.1204572]
[0 1],[0.1204595 0.8795405]
[0 1],[0.1204625  0.87953746]
[1 0],[0.8795435  0.12045655]
[1 0],[0.8795428  0.12045723]
[0 1],[0.12045958 0.87954044]
[1 0],[0.8795432  0.12045684]
[1 0],[0.87954247 0.12045751]
[1 0],[0.8795428  0.12045713]
[0 1],[0.12045965 0.8795403 ]
[0 1],[0.12046018 0.8795398 ]
[0 1],[0.12045971 0.8795403 ]
[0 1],[0.12045971 0.8795403 ]
[1 0],[0.8795429  0.12045707]
[1 0],[0.8795428  0.12045716]
[1 0],[0.87954265 0.12045731]
[1 0],[0.8795429  0.12045707]
[0 1],[0.12045965 0.8795403 ]
[1 0],[0.879543   0.12045703]
[1 0],[0.8795429  0.12045712]
[0 1],[0.12045607 0.8795439 ]
[0 1],[0.12045828 0.8795417 ]
[0 1],[0.12045971 0.87954026]
[1 0],[0.87954247 0.12045752]
[0 1],[0.1204596  0.87954044]
[0 1],[0.12045938 0.8795406 ]
[0 1],[0.1204596  0.87954044]
[0 1],[0.12045971 0.8795403 ]
[1 0],[0.8795427  0.12045728]
[1 0],[0.87954247 0.12045756]
[1 0],[0.8795421  0.12045796]
[1 0],[0.8795429  0.12045705]
[0 1],[0.12045971 0.87954026]
[0 1],[0.12046004 0.87953997]
[1 0],[0.8795428  0.12045715]
[0 1],[0.12046007 0.87953985]
[0 1],[0.1204596  0.87954044]
[1 0],[0.8795432  0.12045679]
[1 0],[0.8795428  0.12045713]
[1 0],[0.8795429  0.12045707]
[1 0],[0.87954247 0.12045751]
[0 1],[0.12045971 0.8795403 ]
[0 1],[0.12046003 0.87953997]
[0 1],[0.12045971 0.8795403 ]
[1 0],[0.8795427  0.12045728]
[0 1],[0.12045973 0.87954026]
[0 1],[0.12045971 0.8795403 ]
[1 0],[0.8795428  0.12045716]
[1 0],[0.8795428  0.12045719]
[0 1],[0.12045978 0.87954026]
[1 0],[0.8795425  0.12045746]
[1 0],[0.8795428 0.1204572]
[0 1],[0.12045971 0.8795403 ]
[0 1],[0.12045985 0.87954015]
[1 0],[0.8795425  0.12045748]
[0 1],[0.12045968 0.8795403 ]
[1 0],[0.8795422  0.12045778]
[0 1],[0.12045993 0.87954   ]
[0 1],[0.12045967 0.8795403 ]
[0 1],[0.12045968 0.8795403 ]
[0 1],[0.12045968 0.8795403 ]
[0 1],[0.12045905 0.879541  ]
[1 0],[0.8795429  0.12045707]
[1 0],[0.8795428  0.12045719]
[0 1],[0.12045927 0.8795407 ]
[1 0],[0.8795429  0.12045705]
[0 1],[0.12045977 0.87954026]
[1 0],[0.87954265 0.12045732]
[1 0],[0.8795433  0.12045673]
[0 1],[0.12045963 0.8795403 ]
[0 1],[0.1204623  0.87953764]
[1 0],[0.87954247 0.12045752]
[0 1],[0.12045981 0.87954015]
[0 1],[0.12045967 0.8795403 ]
[0 1],[0.12045965 0.8795403 ]
[0 1],[0.1204524 0.8795476]
[1 0],[0.8795425  0.12045748]
[0 1],[0.12045994 0.87954   ]
[0 1],[0.12045907 0.879541  ]
[0 1],[0.12045973 0.87954026]
[0 1],[0.12045955 0.87954044]
[1 0],[0.87954366 0.12045638]
[0 1],[0.12045968 0.8795403 ]
[1 0],[0.8795428  0.12045716]
[0 1],[0.12045964 0.8795403 ]
[0 1],[0.12045973 0.87954026]
[1 0],[0.8795428  0.12045715]
[0 1],[0.12045973 0.87954026]
[0 1],[0.12045968 0.8795403 ]
[1 0],[0.8795431  0.12045692]
[1 0],[0.8795428  0.12045719]
[1 0],[0.8795428  0.12045716]
[0 1],[0.12045977 0.87954026]
[0 1],[0.1204596  0.87954044]
[0 1],[0.12045948 0.8795405 ]
[0 1],[0.12045971 0.8795403 ]
[0 1],[0.12045971 0.8795403 ]
[1 0],[0.87955093 0.12044904]
[0 1],[0.12045936 0.8795406 ]
[1 0],[0.8795428  0.12045718]
[1 0],[0.8795428  0.12045718]
[0 1],[0.12045963 0.87954044]
[0 1],[0.12045977 0.87954026]
[1 0],[0.87954265 0.12045742]
[1 0],[0.8795425  0.12045743]
[1 0],[0.879543   0.12045694]
[0 1],[0.1204596  0.87954044]
[1 0],[0.8795425  0.12045746]
[0 1],[0.12045973 0.87954026]
[1 0],[0.8795428  0.12045715]
[1 0],[0.8795429  0.12045705]
[1 0],[0.8795432  0.12045681]
[1 0],[0.8795433 0.1204567]
[1 0],[0.8795428  0.12045722]
[0 1],[0.12045964 0.8795403 ]
[0 1],[0.12045959 0.87954044]
[1 0],[0.87954247 0.12045754]
[1 0],[0.8795428  0.12045713]
[1 0],[0.87954634 0.1204537 ]
[0 1],[0.12045963 0.87954044]
[0 1],[0.12046006 0.87953997]
[1 0],[0.879543   0.12045694]
[1 0],[0.8795439  0.12045602]
[1 0],[0.8795429  0.12045705]
[1 0],[0.87954247 0.12045751]
[0 1],[0.12045965 0.8795403 ]
[0 1],[0.12045967 0.8795403 ]
[1 0],[0.8795431  0.12045693]
[1 0],[0.8795428  0.12045716]
[0 1],[0.12045968 0.8795403 ]
[0 1],[0.12045921 0.8795408 ]
[1 0],[0.8795425  0.12045746]
[1 0],[0.87954265 0.12045735]
[0 1],[0.12045965 0.8795403 ]
[0 1],[0.12045979 0.87954026]
[0 1],[0.12045965 0.8795403 ]
[0 1],[0.12045968 0.8795403 ]
[0 1],[0.12045998 0.87954   ]
[0 1],[0.12045971 0.87954026]
[1 0],[0.8795428  0.12045716]
[1 0],[0.8795429  0.12045708]
[1 0],[0.8795431  0.12045688]
[1 0],[0.8795428  0.12045723]
[1 0],[0.8795428  0.12045718]
[0 1],[0.12045973 0.87954026]
[1 0],[0.87954265 0.12045737]
[1 0],[0.879543   0.12045698]
[1 0],[0.8795437  0.12045631]
[1 0],[0.8795428  0.12045718]
[0 1],[0.12045974 0.87954026]
[1 0],[0.8795425  0.12045743]
[0 1],[0.12045978 0.87954026]
[1 0],[0.87954265 0.12045735]
[0 1],[0.1204596  0.87954044]
[1 0],[0.87954533 0.12045471]
[1 0],[0.879543   0.12045698]
[0 1],[0.12045955 0.87954044]
[0 1],[0.12045973 0.87954026]
[1 0],[0.8795429  0.12045707]
[1 0],[0.87954354 0.12045638]
[0 1],[0.12045979 0.87954026]
[1 0],[0.8795427  0.12045724]
[1 0],[0.8795429  0.12045707]
[1 0],[0.8795428  0.12045715]
[1 0],[0.8795422 0.1204578]
[0 1],[0.12045965 0.8795403 ]
[1 0],[0.879543   0.12045698]
[0 1],[0.12045936 0.8795406 ]
[0 1],[0.12045968 0.8795403 ]
[0 1],[0.12045998 0.87954   ]
[1 0],[0.879543   0.12045705]
[0 1],[0.12045823 0.8795417 ]
[1 0],[0.8795429  0.12045711]
[0 1],[0.12045963 0.8795403 ]
[1 0],[0.87954265 0.12045732]
[0 1],[0.12045979 0.87954026]
[0 1],[0.1204595 0.8795405]
[1 0],[0.8795428  0.12045715]
[1 0],[0.8795429  0.12045711]
[0 1],[0.12045968 0.8795403 ]
[1 0],[0.8795428 0.1204572]
[0 1],[0.12045968 0.8795403 ]
[0 1],[0.12045977 0.87954026]
[1 0],[0.8795429  0.12045708]
[0 1],[0.12045969 0.8795403 ]
[0 1],[0.12045889 0.8795411 ]
[1 0],[0.879543   0.12045701]
[1 0],[0.8795443  0.12045572]
[1 0],[0.879543   0.12045698]
[1 0],[0.8795428  0.12045722]
[0 1],[0.12045954 0.87954044]
[1 0],[0.879543   0.12045702]
[0 1],[0.12045982 0.87954015]
[1 0],[0.8795439  0.12045612]
[0 1],[0.12045915 0.87954086]
[1 0],[0.8795425  0.12045746]
[0 1],[0.12045971 0.8795403 ]
[1 0],[0.8795429  0.12045707]
[0 1],[0.12045971 0.8795403 ]
[1 0],[0.8795428  0.12045715]
[0 1],[0.12045982 0.87954026]
[0 1],[0.12045964 0.8795403 ]
[0 1],[0.12045971 0.8795403 ]
[1 0],[0.8795432  0.12045681]
[1 0],[0.8795431  0.12045693]
[1 0],[0.8795425  0.12045746]
[0 1],[0.12045939 0.8795406 ]
[1 0],[0.8795428  0.12045718]
[1 0],[0.8795429  0.12045705]
[0 1],[0.12045971 0.8795403 ]
[0 1],[0.12045978 0.87954026]
[1 0],[0.8795433  0.12045675]
[1 0],[0.8795427  0.12045728]
[0 1],[0.12045993 0.87954   ]
[0 1],[0.12045933 0.8795407 ]
[1 0],[0.87954336 0.1204566 ]
[0 1],[0.12045896 0.8795411 ]
[1 0],[0.8795429  0.12045705]
[0 1],[0.12045958 0.87954044]
[0 1],[0.12045968 0.8795403 ]
[0 1],[0.12045974 0.87954026]
[0 1],[0.12045958 0.87954044]
[1 0],[0.8795428  0.12045718]
[0 1],[0.12045963 0.8795403 ]
[0 1],[0.12045977 0.87954026]
[0 1],[0.1204596  0.87954044]
[1 0],[0.8795427  0.12045724]
[0 1],[0.12045955 0.87954044]
[1 0],[0.8795428 0.1204572]
[0 1],[0.1204599 0.87954  ]
[0 1],[0.12045955 0.87954044]
[0 1],[0.12045969 0.8795403 ]
[0 1],[0.12045977 0.87954026]
[1 0],[0.879543   0.12045703]
[1 0],[0.879543   0.12045694]
[1 0],[0.8795427  0.12045725]
[1 0],[0.87954235 0.12045768]
[1 0],[0.8795428  0.12045718]
[1 0],[0.8795429  0.12045705]
[1 0],[0.8795428  0.12045722]
[1 0],[0.8795428  0.12045718]
[0 1],[0.1204596  0.87954044]
[1 0],[0.8795425  0.12045746]
[1 0],[0.87954247 0.1204575 ]
[1 0],[0.8795428 0.1204572]
[0 1],[0.1204598  0.87954026]
[0 1],[0.12045973 0.87954026]
[1 0],[0.8795418  0.12045822]
[1 0],[0.8795425  0.12045743]
[0 1],[0.12045973 0.87954026]
[0 1],[0.12045963 0.87954044]
[1 0],[0.8795429  0.12045707]
[1 0],[0.8795428  0.12045718]
[1 0],[0.8795428  0.12045718]
[1 0],[0.87954265 0.12045739]
[1 0],[0.8795429  0.12045712]
[1 0],[0.8795425  0.12045743]
[0 1],[0.12045969 0.8795403 ]
[1 0],[0.8795425  0.12045741]
[1 0],[0.8795428  0.12045715]
[0 1],[0.12045955 0.87954044]
[0 1],[0.12045971 0.8795403 ]
[0 1],[0.12045998 0.87954   ]
[1 0],[0.8795428 0.1204572]
[1 0],[0.87954414 0.12045585]
[0 1],[0.12045968 0.8795403 ]
[0 1],[0.12045968 0.8795403 ]
[1 0],[0.879543   0.12045702]
[1 0],[0.8795429  0.12045708]
[0 1],[0.12045971 0.87954026]
[1 0],[0.87954247 0.12045756]
[1 0],[0.87954354 0.12045645]
[0 1],[0.12045971 0.8795403 ]
[1 0],[0.8795428  0.12045718]
[1 0],[0.87954247 0.12045751]
[0 1],[0.12046072 0.8795393 ]
[0 1],[0.12045971 0.8795403 ]
[0 1],[0.12045977 0.87954026]
[1 0],[0.879543   0.12045703]
[0 1],[0.12045948 0.8795405 ]
[0 1],[0.12045658 0.87954336]
[0 1],[0.12045963 0.8795403 ]
[1 0],[0.87954247 0.12045751]
[1 0],[0.8795427  0.12045725]
[1 0],[0.8795428  0.12045718]
[1 0],[0.879543   0.12045702]
[0 1],[0.12045965 0.8795403 ]
[0 1],[0.12045979 0.87954026]
[1 0],[0.8795437  0.12045628]
[1 0],[0.8795428  0.12045715]
[0 1],[0.1204599 0.87954  ]
[1 0],[0.87954605 0.12045392]
[0 1],[0.12046113 0.87953883]
[0 1],[0.12045964 0.8795403 ]
[0 1],[0.12045971 0.8795403 ]
[0 1],[0.12045852 0.8795415 ]
[0 1],[0.12045964 0.8795403 ]
[1 0],[0.8795428  0.12045718]
[0 1],[0.12045963 0.8795403 ]
[1 0],[0.87954354 0.12045648]
[1 0],[0.87954235 0.12045768]
[1 0],[0.87954456 0.12045541]
[0 1],[0.12045921 0.8795408 ]
[1 0],[0.8795428  0.12045718]
[1 0],[0.8795428  0.12045713]
[1 0],[0.8795425  0.12045744]
[0 1],[0.12045979 0.87954026]
[0 1],[0.12045881 0.87954116]
[0 1],[0.12045971 0.87954026]
[1 0],[0.8795428  0.12045715]
[0 1],[0.12046004 0.87953997]
[0 1],[0.12045287 0.8795472 ]
[1 0],[0.879543   0.12045703]
[1 0],[0.8795428  0.12045713]
[0 1],[0.12045982 0.87954026]
[0 1],[0.12045971 0.87954026]
[1 0],[0.87954235 0.1204576 ]
[1 0],[0.8795427  0.12045725]
[0 1],[0.12045955 0.87954044]
[1 0],[0.8795429  0.12045711]
[1 0],[0.879543   0.12045702]
[1 0],[0.8795428  0.12045715]
[0 1],[0.12045971 0.87954026]
[1 0],[0.8795429  0.12045711]
[0 1],[0.12045971 0.8795403 ]
[1 0],[0.8795437  0.12045629]
[0 1],[0.12045955 0.87954044]
[1 0],[0.8795429  0.12045711]
[1 0],[0.8795427  0.12045729]
[0 1],[0.12045971 0.8795403 ]
[1 0],[0.879543   0.12045702]
[0 1],[0.12045968 0.8795403 ]
[1 0],[0.8795428  0.12045722]
[1 0],[0.8795427  0.12045728]
[0 1],[0.12045955 0.87954044]
[1 0],[0.8795429  0.12045707]
[0 1],[0.12045948 0.8795405 ]
[0 1],[0.12046012 0.87953985]
[0 1],[0.12045971 0.8795403 ]
[1 0],[0.8795428  0.12045722]
[1 0],[0.8795428  0.12045713]
[1 0],[0.8795427  0.12045731]
[1 0],[0.8795428  0.12045722]
[0 1],[0.12045979 0.87954026]
[1 0],[0.8795422  0.12045785]
[1 0],[0.8795431  0.12045694]
[0 1],[0.12045968 0.8795403 ]
[0 1],[0.12045872 0.8795413 ]
[0 1],[0.12045973 0.87954026]
[0 1],[0.12045969 0.8795403 ]
[1 0],[0.87954265 0.12045739]
[0 1],[0.12045967 0.8795403 ]
[1 0],[0.8795428  0.12045713]
[1 0],[0.87954247 0.12045751]
[0 1],[0.12045971 0.8795403 ]
[1 0],[0.8795428  0.12045716]
[0 1],[0.12045937 0.8795406 ]
[0 1],[0.12045977 0.87954026]
[1 0],[0.8795428  0.12045718]
[1 0],[0.87954247 0.1204575 ]
[1 0],[0.8795428 0.1204572]
[1 0],[0.879543   0.12045694]
[0 1],[0.12045963 0.87954044]
[0 1],[0.12045948 0.8795405 ]
[1 0],[0.87954265 0.1204574 ]
[0 1],[0.12045813 0.8795419 ]
[1 0],[0.879543   0.12045698]
[0 1],[0.12045973 0.87954026]
[0 1],[0.12045943 0.8795406 ]
[0 1],[0.12045971 0.87954026]
[1 0],[0.879543   0.12045705]
[1 0],[0.8795428  0.12045713]
[0 1],[0.12045971 0.8795403 ]
[1 0],[0.8795428  0.12045716]
[1 0],[0.87954265 0.12045732]
[1 0],[0.8795428  0.12045715]
[1 0],[0.8795428  0.12045719]
[0 1],[0.12045958 0.87954044]
[0 1],[0.12045998 0.87954   ]
[0 1],[0.12045973 0.87954026]
[0 1],[0.12045963 0.8795403 ]
[1 0],[0.8795427  0.12045729]
[0 1],[0.12045924 0.8795408 ]
[1 0],[0.8795428 0.1204572]
[1 0],[0.8795428  0.12045718]
[0 1],[0.12045898 0.879541  ]
[0 1],[0.12046065 0.8795393 ]
[0 1],[0.12045968 0.8795403 ]
[1 0],[0.8795428  0.12045719]
[1 0],[0.8795428  0.12045718]
[1 0],[0.8795435  0.12045656]
[0 1],[0.12045973 0.87954026]
[1 0],[0.879543   0.12045699]
[1 0],[0.8795428  0.12045716]
[0 1],[0.12045971 0.87954026]
[1 0],[0.8795435  0.12045649]
[0 1],[0.12045973 0.87954026]
[0 1],[0.12045971 0.8795403 ]
[0 1],[0.12047169 0.87952834]
[1 0],[0.8795429  0.12045705]
[0 1],[0.12045963 0.8795403 ]
[0 1],[0.12045979 0.87954026]
[0 1],[0.12045967 0.8795403 ]
[1 0],[0.8795428  0.12045713]
[1 0],[0.87954265 0.12045735]
[1 0],[0.87954247 0.12045751]
[0 1],[0.12045971 0.8795403 ]
[0 1],[0.12045982 0.87954015]
[1 0],[0.879543   0.12045705]
[1 0],[0.8795428  0.12045718]
[1 0],[0.8795429  0.12045705]
[0 1],[0.12045928 0.8795407 ]
[1 0],[0.87954247 0.12045751]
[0 1],[0.12046006 0.87953997]
[0 1],[0.12045933 0.8795407 ]
[1 0],[0.8795428 0.1204572]
[0 1],[0.12046074 0.87953925]
[1 0],[0.8795427  0.12045724]
[1 0],[0.8795428  0.12045723]
[0 1],[0.1204596  0.87954044]
[1 0],[0.8795428  0.12045713]
[0 1],[0.12045968 0.8795403 ]
[0 1],[0.12045911 0.87954086]
[1 0],[0.8795428  0.12045718]
[0 1],[0.1204583 0.8795417]
[1 0],[0.8795347  0.12046526]
[1 0],[0.87954265 0.12045739]
[0 1],[0.12045968 0.8795403 ]
[0 1],[0.12045968 0.8795403 ]
[1 0],[0.879543   0.12045701]
[1 0],[0.8795433  0.12045675]
[1 0],[0.8795427  0.12045724]
[1 0],[0.8795428  0.12045715]
[0 1],[0.12045968 0.8795403 ]
[0 1],[0.12045943 0.8795406 ]
[0 1],[0.12045965 0.8795403 ]
[0 1],[0.12045924 0.8795408 ]
[0 1],[0.12045832 0.8795417 ]
[1 0],[0.8795428  0.12045718]
[0 1],[0.12045968 0.8795403 ]
[0 1],[0.12045955 0.87954044]
[1 0],[0.87954265 0.12045732]
[0 1],[0.12045973 0.87954026]
[0 1],[0.12045979 0.87954026]
[1 0],[0.8795428  0.12045713]
[0 1],[0.12045977 0.87954026]
[1 0],[0.8795428  0.12045718]
[0 1],[0.12045226 0.8795477 ]
[1 0],[0.879543   0.12045703]
[0 1],[0.12045971 0.87954026]
[1 0],[0.8795405 0.1204595]
[0 1],[0.12045982 0.87954015]
[1 0],[0.879543   0.12045698]
[0 1],[0.12045977 0.87954026]
[1 0],[0.879543   0.12045699]
[0 1],[0.12045977 0.87954026]
[0 1],[0.12045963 0.8795403 ]
[1 0],[0.879543   0.12045696]
[1 0],[0.8795447  0.12045528]
[1 0],[0.8795425  0.12045744]
[1 0],[0.87954265 0.12045742]
[0 1],[0.12045977 0.87954026]
[0 1],[0.12045995 0.87954   ]
[0 1],[0.1204596  0.87954044]
[0 1],[0.12045973 0.87954026]
[1 0],[0.879543   0.12045696]
[1 0],[0.879543   0.12045702]
[1 0],[0.8795428  0.12045722]
[0 1],[0.12045965 0.8795403 ]
[0 1],[0.12045971 0.8795403 ]
[1 0],[0.8795429  0.12045705]
[0 1],[0.1204595 0.8795405]
[1 0],[0.879543   0.12045701]
[0 1],[0.12045982 0.87954026]
[0 1],[0.12045969 0.8795403 ]
[0 1],[0.12045965 0.8795403 ]
[0 1],[0.12045965 0.8795403 ]
[0 1],[0.12045968 0.8795403 ]
[0 1],[0.12045926 0.8795408 ]
[1 0],[0.8795428  0.12045713]
[0 1],[0.12045959 0.87954044]
[0 1],[0.12045968 0.8795403 ]
[1 0],[0.8795429  0.12045707]
[0 1],[0.12045958 0.87954044]
[0 1],[0.12045971 0.87954026]
[1 0],[0.879543   0.12045702]
[0 1],[0.1204596  0.87954044]
[0 1],[0.12045965 0.8795403 ]
[0 1],[0.12045971 0.8795403 ]
[0 1],[0.12045968 0.8795403 ]
[0 1],[0.12045982 0.87954015]
[0 1],[0.1204596  0.87954044]
[0 1],[0.12045982 0.87954026]
[0 1],[0.12045982 0.87954026]
[1 0],[0.879543   0.12045699]
[1 0],[0.879543   0.12045701]
[1 0],[0.8795428  0.12045723]
