[1 0],[0.87937844 0.12062161]
[0 1],[0.12064974 0.8793503 ]
[0 1],[0.12064936 0.87935066]
[0 1],[0.12064967 0.8793503 ]
[1 0],[0.87937844 0.12062154]
[0 1],[0.12064969 0.8793503 ]
[0 1],[0.12064785 0.87935215]
[0 1],[0.12064968 0.8793503 ]
[0 1],[0.12064964 0.8793503 ]
[0 1],[0.12064566 0.87935436]
[0 1],[0.12064942 0.8793506 ]
[1 0],[0.8793785  0.12062152]
[0 1],[0.12064919 0.87935084]
[0 1],[0.12064906 0.87935096]
[0 1],[0.12064968 0.8793503 ]
[1 0],[0.87937844 0.12062159]
[1 0],[0.87937844 0.12062155]
[1 0],[0.87937844 0.12062154]
[1 0],[0.87937844 0.12062156]
[0 1],[0.12064963 0.8793504 ]
[0 1],[0.12064732 0.8793527 ]
[0 1],[0.1206489 0.879351 ]
[1 0],[0.8793785  0.12062152]
[0 1],[0.12064973 0.8793503 ]
[1 0],[0.8793783  0.12062169]
[0 1],[0.12064955 0.8793505 ]
[0 1],[0.12064974 0.8793503 ]
[1 0],[0.87937844 0.12062156]
[0 1],[0.12064955 0.8793505 ]
[0 1],[0.12064967 0.8793503 ]
[1 0],[0.87937844 0.12062154]
[1 0],[0.87937844 0.12062154]
[0 1],[0.12064969 0.8793503 ]
[0 1],[0.12064838 0.8793516 ]
[1 0],[0.8793789  0.12062114]
[1 0],[0.8793785  0.12062149]
[1 0],[0.8793785  0.12062149]
[1 0],[0.87937844 0.12062154]
[0 1],[0.12065049 0.8793496 ]
[1 0],[0.87937844 0.12062154]
[0 1],[0.12064876 0.87935126]
[1 0],[0.8793785  0.12062153]
[0 1],[0.12064935 0.87935066]
[1 0],[0.8793783  0.12062169]
[0 1],[0.12064955 0.8793505 ]
[0 1],[0.12064945 0.8793505 ]
[0 1],[0.12064958 0.8793504 ]
[1 0],[0.87937844 0.12062158]
[1 0],[0.87937844 0.12062155]
[1 0],[0.87937844 0.12062161]
[0 1],[0.1206496 0.8793504]
[1 0],[0.8793785  0.12062148]
[1 0],[0.87937844 0.12062158]
[1 0],[0.87937844 0.12062154]
[0 1],[0.12064972 0.8793503 ]
[1 0],[0.8793783  0.12062167]
[1 0],[0.8793827  0.12061724]
[0 1],[0.12064972 0.8793503 ]
[1 0],[0.87937844 0.12062154]
[0 1],[0.1206485 0.8793515]
[0 1],[0.12064972 0.8793503 ]
[0 1],[0.12064963 0.8793504 ]
[0 1],[0.1206497 0.8793503]
[0 1],[0.12064765 0.87935233]
[0 1],[0.12064964 0.8793503 ]
[0 1],[0.12064939 0.8793506 ]
[1 0],[0.8793785  0.12062152]
[1 0],[0.87937844 0.12062156]
[0 1],[0.12064969 0.8793503 ]
[1 0],[0.8793785  0.12062149]
[0 1],[0.12064964 0.8793503 ]
[0 1],[0.12064974 0.8793503 ]
[0 1],[0.12064948 0.8793505 ]
[1 0],[0.87937844 0.12062159]
[0 1],[0.12064959 0.8793504 ]
[1 0],[0.87937814 0.12062184]
[0 1],[0.12064983 0.87935024]
[0 1],[0.12064476 0.8793553 ]
[1 0],[0.8793783  0.12062167]
[1 0],[0.87937844 0.12062159]
[1 0],[0.87937844 0.12062154]
[0 1],[0.12064472 0.8793553 ]
[0 1],[0.12064969 0.8793503 ]
[0 1],[0.12064959 0.8793504 ]
[1 0],[0.87937844 0.12062156]
[1 0],[0.87937844 0.12062156]
[1 0],[0.87937844 0.12062159]
[0 1],[0.12064879 0.87935126]
[0 1],[0.12064849 0.8793515 ]
[0 1],[0.1206499 0.8793501]
[0 1],[0.12064838 0.8793516 ]
[0 1],[0.12064974 0.8793503 ]
[1 0],[0.87937844 0.12062159]
[0 1],[0.12064817 0.8793518 ]
[1 0],[0.87937844 0.12062159]
[1 0],[0.87937844 0.12062159]
[1 0],[0.87937844 0.12062154]
[0 1],[0.1206492 0.8793508]
[0 1],[0.12064972 0.8793503 ]
[1 0],[0.8793783  0.12062163]
[1 0],[0.87937826 0.12062178]
[1 0],[0.87937844 0.12062156]
[0 1],[0.12064802 0.879352  ]
[1 0],[0.8793783  0.12062164]
[0 1],[0.12064968 0.8793503 ]
[0 1],[0.12064917 0.87935084]
[0 1],[0.12064903 0.87935096]
[0 1],[0.12064967 0.8793503 ]
[0 1],[0.12064964 0.8793503 ]
[1 0],[0.87937844 0.12062156]
[1 0],[0.87937844 0.12062154]
[0 1],[0.12064969 0.8793503 ]
[1 0],[0.8793785  0.12062149]
[1 0],[0.8793783  0.12062164]
[0 1],[0.12064972 0.8793503 ]
[0 1],[0.12064952 0.8793505 ]
[1 0],[0.87937844 0.12062154]
[0 1],[0.12064683 0.87935317]
[0 1],[0.12064961 0.8793504 ]
[1 0],[0.8793785  0.12062143]
[1 0],[0.87937844 0.12062159]
[1 0],[0.8793785  0.12062143]
[1 0],[0.87937844 0.12062156]
[1 0],[0.87937546 0.12062451]
[0 1],[0.1206497 0.8793503]
[0 1],[0.12064967 0.8793503 ]
[1 0],[0.87937844 0.12062155]
[1 0],[0.8793785  0.12062143]
[0 1],[0.12064967 0.8793503 ]
[0 1],[0.1206497 0.8793503]
[0 1],[0.12064967 0.8793503 ]
[0 1],[0.12064736 0.8793526 ]
[1 0],[0.87937844 0.12062154]
[0 1],[0.12064972 0.8793503 ]
[0 1],[0.12064702 0.879353  ]
[0 1],[0.12064969 0.8793503 ]
[1 0],[0.8793789  0.12062113]
[1 0],[0.8793785  0.12062146]
[0 1],[0.12064963 0.8793504 ]
[0 1],[0.12064749 0.8793525 ]
[1 0],[0.8793785  0.12062152]
[0 1],[0.12064974 0.8793503 ]
[0 1],[0.12064973 0.8793503 ]
[1 0],[0.8793789  0.12062106]
[0 1],[0.12064955 0.8793505 ]
[0 1],[0.12064972 0.8793503 ]
[0 1],[0.12064932 0.87935066]
[0 1],[0.12064969 0.8793503 ]
[0 1],[0.12064972 0.8793503 ]
[1 0],[0.87937844 0.12062158]
[0 1],[0.12064967 0.8793503 ]
[0 1],[0.12064948 0.8793505 ]
[1 0],[0.8793788 0.1206212]
[0 1],[0.12064959 0.8793504 ]
[1 0],[0.87937844 0.12062156]
[1 0],[0.87937844 0.12062159]
[1 0],[0.87937844 0.12062154]
[0 1],[0.12064961 0.8793504 ]
[1 0],[0.8793785  0.12062146]
[0 1],[0.12064959 0.8793504 ]
[1 0],[0.8793785  0.12062143]
[1 0],[0.87937844 0.12062158]
[1 0],[0.8793785  0.12062152]
[1 0],[0.87937844 0.12062156]
[0 1],[0.12064968 0.8793503 ]
[1 0],[0.87937844 0.12062159]
[1 0],[0.87937844 0.12062154]
[1 0],[0.8793785  0.12062152]
[1 0],[0.8793785  0.12062143]
[1 0],[0.87937844 0.12062156]
[1 0],[0.8793787  0.12062126]
[1 0],[0.8793783  0.12062161]
[1 0],[0.87937844 0.12062159]
[0 1],[0.12064972 0.8793503 ]
[1 0],[0.87937844 0.12062159]
[0 1],[0.12064967 0.8793503 ]
[0 1],[0.12064961 0.8793504 ]
[1 0],[0.8793785  0.12062152]
[1 0],[0.8793791  0.12062094]
[0 1],[0.12064969 0.8793503 ]
[1 0],[0.8793783  0.12062163]
[0 1],[0.12064959 0.8793504 ]
[1 0],[0.87937844 0.12062154]
[1 0],[0.8793785  0.12062146]
[1 0],[0.8793786  0.12062143]
[1 0],[0.8793787  0.12062126]
[1 0],[0.8793785  0.12062152]
[1 0],[0.8793789  0.12062111]
[0 1],[0.12064978 0.87935024]
[1 0],[0.87937844 0.12062154]
[0 1],[0.12064969 0.8793503 ]
[0 1],[0.12064972 0.8793503 ]
[1 0],[0.8793771  0.12062283]
[1 0],[0.8793795  0.12062045]
[0 1],[0.1206498  0.87935024]
[1 0],[0.8793783  0.12062169]
[0 1],[0.12064902 0.87935096]
[0 1],[0.12064961 0.8793504 ]
[1 0],[0.87937844 0.12062154]
[0 1],[0.12064927 0.87935066]
[0 1],[0.12066199 0.879338  ]
[0 1],[0.12064969 0.8793503 ]
[0 1],[0.12064968 0.8793503 ]
[0 1],[0.1206496 0.8793504]
[0 1],[0.12064972 0.8793503 ]
[1 0],[0.8793785  0.12062148]
[1 0],[0.87937844 0.12062159]
[1 0],[0.87937844 0.12062154]
[1 0],[0.8793785  0.12062153]
[0 1],[0.12064961 0.8793504 ]
[0 1],[0.12064973 0.8793503 ]
[1 0],[0.87937844 0.12062154]
[1 0],[0.8793786  0.12062137]
[1 0],[0.8793786  0.12062137]
[0 1],[0.12064969 0.8793503 ]
[1 0],[0.87937844 0.12062156]
[1 0],[0.8793788  0.12062125]
[1 0],[0.87937844 0.12062156]
[0 1],[0.12064969 0.8793503 ]
[0 1],[0.12064908 0.87935096]
[0 1],[0.12064955 0.8793505 ]
[1 0],[0.8793785  0.12062153]
[1 0],[0.87937844 0.12062158]
[0 1],[0.12064972 0.8793503 ]
[1 0],[0.87937844 0.12062154]
[1 0],[0.87937844 0.12062154]
[1 0],[0.87937677 0.12062325]
[0 1],[0.12064955 0.8793505 ]
[0 1],[0.12064512 0.8793549 ]
[0 1],[0.12064974 0.8793503 ]
[0 1],[0.12064967 0.8793503 ]
[1 0],[0.87937844 0.12062159]
[0 1],[0.12064945 0.8793505 ]
[1 0],[0.87937844 0.12062159]
[0 1],[0.12064972 0.8793503 ]
[1 0],[0.87937844 0.12062155]
[0 1],[0.12064955 0.8793505 ]
[0 1],[0.12064965 0.8793503 ]
[0 1],[0.12064909 0.87935084]
[1 0],[0.87937844 0.12062159]
[0 1],[0.12064975 0.87935024]
[1 0],[0.87937844 0.12062155]
[0 1],[0.12064972 0.8793503 ]
[0 1],[0.12064967 0.8793503 ]
[1 0],[0.87937844 0.12062156]
[0 1],[0.12064961 0.8793504 ]
[1 0],[0.87937844 0.12062154]
[0 1],[0.12064968 0.8793503 ]
[1 0],[0.87938046 0.12061955]
[1 0],[0.87937844 0.12062156]
[1 0],[0.87937844 0.12062159]
[0 1],[0.12064886 0.87935114]
[1 0],[0.8793786  0.12062139]
[0 1],[0.12064959 0.8793504 ]
[1 0],[0.8793785  0.12062143]
[0 1],[0.1206497 0.8793503]
[1 0],[0.8793785  0.12062149]
[1 0],[0.87937844 0.12062159]
[0 1],[0.12064968 0.8793503 ]
[1 0],[0.87937844 0.12062156]
[0 1],[0.12064968 0.8793503 ]
[0 1],[0.12064968 0.8793503 ]
[1 0],[0.8793785  0.12062146]
[0 1],[0.12064715 0.87935287]
[1 0],[0.87937844 0.12062159]
[1 0],[0.87937844 0.12062156]
[0 1],[0.12064964 0.8793503 ]
[1 0],[0.8793789  0.12062111]
[0 1],[0.12064974 0.8793503 ]
[1 0],[0.87937844 0.12062156]
[1 0],[0.87937844 0.12062156]
[0 1],[0.12064956 0.8793504 ]
[1 0],[0.87937844 0.12062154]
[0 1],[0.12068833 0.8793117 ]
[1 0],[0.87937844 0.12062159]
[1 0],[0.87937844 0.12062156]
[0 1],[0.12064952 0.8793505 ]
[0 1],[0.12064927 0.8793508 ]
[0 1],[0.12064508 0.8793549 ]
[0 1],[0.1206492 0.8793508]
[0 1],[0.12064931 0.87935066]
[1 0],[0.87937945 0.12062055]
[0 1],[0.12064942 0.8793506 ]
[1 0],[0.8793783  0.12062161]
[0 1],[0.12064978 0.87935024]
[0 1],[0.12064961 0.8793504 ]
[0 1],[0.12064974 0.8793503 ]
[0 1],[0.12064895 0.879351  ]
[0 1],[0.12064467 0.8793553 ]
[1 0],[0.87937844 0.12062154]
[1 0],[0.87937844 0.12062156]
[1 0],[0.87937844 0.12062159]
[1 0],[0.8793783  0.12062164]
[1 0],[0.87937844 0.12062155]
[1 0],[0.87937963 0.12062033]
[1 0],[0.8793785  0.12062143]
[1 0],[0.87937844 0.12062155]
[1 0],[0.8793785  0.12062149]
[1 0],[0.8793785  0.12062152]
[0 1],[0.12064972 0.8793503 ]
[0 1],[0.1206497 0.8793503]
[1 0],[0.87937844 0.12062156]
[1 0],[0.8793785  0.12062152]
[0 1],[0.12064946 0.8793506 ]
[0 1],[0.12064961 0.8793504 ]
[0 1],[0.12064961 0.8793504 ]
[1 0],[0.8793798  0.12062022]
[1 0],[0.87937844 0.12062155]
[1 0],[0.8793825  0.12061753]
[1 0],[0.8793783  0.12062161]
[1 0],[0.87937844 0.12062156]
[0 1],[0.12064933 0.87935066]
[0 1],[0.12064967 0.8793503 ]
[1 0],[0.87937844 0.12062159]
[1 0],[0.87937844 0.12062158]
[0 1],[0.12064972 0.8793503 ]
[1 0],[0.8793825  0.12061756]
[1 0],[0.87937665 0.12062327]
[0 1],[0.12064967 0.8793503 ]
[0 1],[0.12064959 0.8793504 ]
[1 0],[0.8793785  0.12062151]
[0 1],[0.12064961 0.8793504 ]
[1 0],[0.87937844 0.12062155]
[0 1],[0.1206497 0.8793503]
[0 1],[0.12064923 0.8793508 ]
[0 1],[0.12064972 0.8793503 ]
[0 1],[0.12064972 0.8793503 ]
[1 0],[0.8793783  0.12062161]
[1 0],[0.8793783 0.1206217]
[1 0],[0.8793155  0.12068456]
[0 1],[0.12064973 0.8793503 ]
[0 1],[0.12064969 0.8793503 ]
[1 0],[0.8793783  0.12062164]
[1 0],[0.87937844 0.12062155]
[0 1],[0.12064944 0.8793506 ]
[0 1],[0.12064973 0.8793503 ]
[0 1],[0.12064959 0.8793504 ]
[1 0],[0.87937844 0.12062159]
[1 0],[0.87937844 0.12062155]
[1 0],[0.8793785  0.12062153]
[1 0],[0.87937844 0.12062156]
[1 0],[0.8793785  0.12062152]
[0 1],[0.12064952 0.8793505 ]
[0 1],[0.12064964 0.8793503 ]
[1 0],[0.87937844 0.12062156]
[1 0],[0.8793785  0.12062143]
[1 0],[0.87937844 0.12062159]
[0 1],[0.12064969 0.8793503 ]
[1 0],[0.8793785  0.12062146]
[0 1],[0.12064972 0.8793503 ]
[0 1],[0.1206497 0.8793503]
[1 0],[0.87937826 0.12062173]
[0 1],[0.12064959 0.8793504 ]
[1 0],[0.87937844 0.12062156]
[0 1],[0.12064956 0.8793504 ]
[0 1],[0.12064972 0.8793503 ]
[1 0],[0.87937844 0.12062156]
[1 0],[0.8793783  0.12062169]
[1 0],[0.87937844 0.12062154]
[1 0],[0.8793824  0.12061758]
[1 0],[0.8793783  0.12062172]
[1 0],[0.87938136 0.12061866]
[0 1],[0.12064928 0.87935066]
[1 0],[0.8793783  0.12062161]
[1 0],[0.87937844 0.12062161]
[0 1],[0.12064961 0.8793504 ]
[0 1],[0.12064915 0.87935084]
[0 1],[0.12064969 0.8793503 ]
[0 1],[0.1206674 0.8793326]
[0 1],[0.12064928 0.87935066]
[1 0],[0.8793785  0.12062152]
[0 1],[0.12064964 0.8793503 ]
[1 0],[0.8793786  0.12062141]
[0 1],[0.12064963 0.8793504 ]
[1 0],[0.87937844 0.12062158]
[1 0],[0.87938094 0.12061904]
[0 1],[0.12064961 0.8793504 ]
[1 0],[0.87937844 0.12062156]
[1 0],[0.87937844 0.12062156]
[1 0],[0.8793807 0.1206193]
[0 1],[0.12064972 0.8793503 ]
[1 0],[0.87937844 0.12062158]
[1 0],[0.87937844 0.12062156]
[0 1],[0.12064945 0.8793505 ]
[1 0],[0.87937844 0.12062154]
[0 1],[0.12064972 0.8793503 ]
[0 1],[0.12064903 0.87935096]
[1 0],[0.87937844 0.12062156]
[1 0],[0.87937844 0.12062159]
[0 1],[0.12064919 0.87935084]
[1 0],[0.8793788  0.12062123]
[0 1],[0.12064926 0.8793508 ]
[0 1],[0.1206497 0.8793503]
[0 1],[0.12064969 0.8793503 ]
[1 0],[0.8793785  0.12062152]
[1 0],[0.8793785  0.12062152]
[1 0],[0.8793785  0.12062152]
[1 0],[0.87937844 0.12062154]
[1 0],[0.8793785  0.12062149]
[1 0],[0.87937844 0.12062158]
[0 1],[0.12064927 0.87935066]
[0 1],[0.12064974 0.8793503 ]
[0 1],[0.12064978 0.87935024]
[0 1],[0.12064967 0.8793503 ]
[0 1],[0.12064972 0.8793503 ]
[0 1],[0.12064952 0.8793505 ]
[0 1],[0.12064956 0.8793504 ]
[1 0],[0.87937844 0.12062156]
[1 0],[0.87937844 0.12062156]
[0 1],[0.12064864 0.8793513 ]
[0 1],[0.12064972 0.8793503 ]
[1 0],[0.87937844 0.12062161]
[0 1],[0.12064973 0.8793503 ]
[1 0],[0.8793785  0.12062152]
[1 0],[0.8793827  0.12061724]
[0 1],[0.12064969 0.8793503 ]
[1 0],[0.87937844 0.12062156]
[1 0],[0.87937844 0.12062156]
[0 1],[0.12064965 0.8793503 ]
[0 1],[0.1206492 0.8793508]
[1 0],[0.87937844 0.12062156]
[1 0],[0.879379   0.12062102]
[0 1],[0.12064753 0.87935245]
[1 0],[0.8793788  0.12062117]
[1 0],[0.87937844 0.12062156]
[0 1],[0.12064967 0.8793503 ]
[0 1],[0.12064959 0.8793504 ]
[1 0],[0.87937844 0.12062159]
[1 0],[0.87928295 0.12071707]
[1 0],[0.8793785  0.12062152]
[0 1],[0.12064931 0.87935066]
[0 1],[0.1206496 0.8793504]
[1 0],[0.87937844 0.12062155]
[1 0],[0.87937844 0.12062159]
[1 0],[0.87937844 0.12062156]
[0 1],[0.12064963 0.8793504 ]
[1 0],[0.8793788  0.12062118]
[0 1],[0.12064914 0.87935084]
[0 1],[0.12064974 0.8793503 ]
[1 0],[0.8793788  0.12062117]
[0 1],[0.12064969 0.8793503 ]
[1 0],[0.87937844 0.12062156]
[1 0],[0.87937844 0.12062156]
[0 1],[0.12064948 0.8793505 ]
[0 1],[0.12065136 0.87934864]
[1 0],[0.87938017 0.12061985]
[1 0],[0.87937844 0.12062159]
[1 0],[0.8793795 0.1206205]
[1 0],[0.8793783  0.12062169]
[1 0],[0.87937844 0.12062156]
[1 0],[0.87937844 0.12062156]
[1 0],[0.87937844 0.12062155]
[0 1],[0.12064972 0.8793503 ]
[0 1],[0.12064942 0.8793506 ]
[1 0],[0.87937844 0.12062156]
[0 1],[0.12064967 0.8793503 ]
[0 1],[0.12064965 0.8793503 ]
[1 0],[0.87937844 0.12062156]
[0 1],[0.12064936 0.87935066]
[1 0],[0.87937844 0.12062156]
[1 0],[0.8793785  0.12062152]
[1 0],[0.8793788 0.1206212]
[1 0],[0.87937844 0.12062159]
[0 1],[0.12064955 0.8793505 ]
[0 1],[0.12064969 0.8793503 ]
[0 1],[0.1206497 0.8793503]
[0 1],[0.1206497 0.8793503]
[1 0],[0.87937844 0.12062154]
[1 0],[0.87937844 0.12062155]
[1 0],[0.87937844 0.12062158]
[1 0],[0.87937945 0.12062053]
[1 0],[0.87937844 0.12062156]
[0 1],[0.12064498 0.879355  ]
[0 1],[0.12064848 0.8793515 ]
[1 0],[0.87937844 0.12062156]
[0 1],[0.12064956 0.8793504 ]
[1 0],[0.8793785  0.12062152]
[1 0],[0.87937844 0.12062156]
[0 1],[0.12064967 0.8793503 ]
[1 0],[0.8793787  0.12062133]
[0 1],[0.12064944 0.8793506 ]
[1 0],[0.8793783  0.12062169]
[1 0],[0.8793783  0.12062163]
[0 1],[0.12064903 0.87935096]
[1 0],[0.87937844 0.12062156]
[0 1],[0.12064964 0.8793503 ]
[0 1],[0.12064972 0.8793503 ]
[0 1],[0.12064959 0.8793504 ]
[0 1],[0.12064983 0.87935024]
[0 1],[0.12064889 0.87935114]
[0 1],[0.12064958 0.8793504 ]
[0 1],[0.12064967 0.8793503 ]
[1 0],[0.8793783  0.12062167]
[0 1],[0.12064903 0.87935096]
[0 1],[0.12064967 0.8793503 ]
[1 0],[0.87937844 0.12062159]
[0 1],[0.12064968 0.8793503 ]
[0 1],[0.12064969 0.8793503 ]
[1 0],[0.87937844 0.12062156]
[0 1],[0.12064968 0.8793503 ]
[1 0],[0.87937844 0.12062154]
[0 1],[0.12064619 0.8793538 ]
[1 0],[0.87937844 0.12062155]
[1 0],[0.87937844 0.12062156]
[0 1],[0.12064973 0.8793503 ]
[1 0],[0.87937844 0.12062156]
[0 1],[0.12064961 0.8793504 ]
[1 0],[0.8793785  0.12062144]
[1 0],[0.87937784 0.12062211]
[1 0],[0.8793787  0.12062135]
[1 0],[0.87937844 0.12062156]
[1 0],[0.87937844 0.12062159]
[0 1],[0.12064973 0.8793503 ]
[0 1],[0.12064525 0.8793547 ]
[0 1],[0.12064975 0.87935024]
[1 0],[0.87937844 0.12062161]
[0 1],[0.12064969 0.8793503 ]
[0 1],[0.12064974 0.8793503 ]
[1 0],[0.87937844 0.12062156]
[1 0],[0.87937844 0.12062159]
[1 0],[0.87937945 0.12062059]
[1 0],[0.87937844 0.12062156]
[1 0],[0.87937844 0.12062158]
[0 1],[0.12064903 0.87935096]
[0 1],[0.12064964 0.8793503 ]
[0 1],[0.12064929 0.87935066]
[1 0],[0.87937844 0.12062159]
[0 1],[0.12064961 0.8793504 ]
[1 0],[0.87937844 0.12062156]
[0 1],[0.12064974 0.8793503 ]
[0 1],[0.12064956 0.8793504 ]
[0 1],[0.12064961 0.8793504 ]
[0 1],[0.12064923 0.8793508 ]
[0 1],[0.12064964 0.8793503 ]
[1 0],[0.8793787  0.12062133]
[0 1],[0.12064969 0.8793503 ]
[1 0],[0.87937844 0.12062154]
[0 1],[0.1206497 0.8793503]
[0 1],[0.12064963 0.8793504 ]
[1 0],[0.87938267 0.12061734]
[0 1],[0.12064955 0.8793505 ]
[1 0],[0.8793785  0.12062146]
[0 1],[0.12064952 0.8793505 ]
[0 1],[0.12064961 0.8793504 ]
[0 1],[0.12064972 0.8793503 ]
[0 1],[0.12064963 0.8793504 ]
[0 1],[0.12064895 0.879351  ]
[1 0],[0.8793785  0.12062149]
[0 1],[0.12064974 0.8793503 ]
[0 1],[0.12064978 0.87935024]
[0 1],[0.12064961 0.8793504 ]
[0 1],[0.12064963 0.8793504 ]
[0 1],[0.12064942 0.8793506 ]
[1 0],[0.8793785  0.12062148]
[1 0],[0.87937844 0.12062156]
[1 0],[0.8793785  0.12062153]
[1 0],[0.87937844 0.12062154]
[0 1],[0.12064958 0.8793504 ]
