[0 1],[0.12455081 0.8754491 ]
[1 0],[0.87957776 0.1204222 ]
[1 0],[0.87929934 0.12070066]
[0 1],[0.12343699 0.876563  ]
[0 1],[0.12264764 0.87735236]
[1 0],[0.87940633 0.12059367]
[1 0],[0.8795761  0.12042387]
[0 1],[0.12358317 0.87641686]
[1 0],[0.8694306  0.13056937]
[0 1],[0.12445693 0.87554306]
[1 0],[0.8795857  0.12041428]
[1 0],[0.87057734 0.12942268]
[0 1],[0.12264256 0.8773575 ]
[1 0],[0.87638974 0.12361029]
[0 1],[0.12289439 0.8771056 ]
[1 0],[0.87958443 0.12041561]
[0 1],[0.12296728 0.8770327 ]
[0 1],[0.12267553 0.87732446]
[1 0],[0.87958765 0.12041239]
[1 0],[0.8795869  0.12041305]
[0 1],[0.12391278 0.87608725]
[0 1],[0.12315599 0.876844  ]
[1 0],[0.8795894  0.12041056]
[0 1],[0.12323675 0.8767633 ]
[1 0],[0.8767243  0.12327564]
[0 1],[0.31981114 0.68018883]
[1 0],[0.8795931  0.12040696]
[1 0],[0.12694265 0.8730573 ]
[0 1],[0.1279032 0.8720968]
[1 0],[0.87958986 0.12041013]
[1 0],[0.8748849  0.12511514]
[0 1],[0.12454589 0.87545407]
[0 1],[0.12265542 0.87734455]
[0 1],[0.12415912 0.8758409 ]
[0 1],[0.17279536 0.82720464]
[1 0],[0.87878203 0.121218  ]
[0 1],[0.12445614 0.8755439 ]
[1 0],[0.8791628  0.12083723]
[0 1],[0.12368937 0.87631065]
[1 0],[0.8793543  0.12064572]
[0 1],[0.12298154 0.87701845]
[1 0],[0.87958527 0.12041472]
[1 0],[0.8791401  0.12085986]
[0 1],[0.12281889 0.8771812 ]
[0 1],[0.12291276 0.87708724]
[0 1],[0.12362055 0.8763795 ]
[1 0],[0.87925315 0.12074686]
[0 1],[0.12294285 0.8770572 ]
[1 0],[0.8795855  0.12041447]
[1 0],[0.87930167 0.12069831]
[0 1],[0.12268694 0.8773131 ]
[1 0],[0.87824285 0.12175709]
[0 1],[0.12320288 0.8767971 ]
[1 0],[0.87922    0.12078006]
[0 1],[0.18485482 0.81514513]
[1 0],[0.8795443  0.12045572]
[0 1],[0.12846303 0.87153697]
[0 1],[0.12990619 0.87009376]
[1 0],[0.8741159  0.12588406]
[0 1],[0.12299874 0.8770012 ]
[0 1],[0.12439359 0.8756064 ]
[1 0],[0.87879795 0.121202  ]
[1 0],[0.8795856  0.12041438]
[1 0],[0.804071   0.19592905]
[0 1],[0.12498983 0.8750102 ]
[1 0],[0.8773459  0.12265401]
[0 1],[0.12264112 0.87735885]
[1 0],[0.8784706  0.12152937]
[0 1],[0.12264633 0.8773536 ]
[1 0],[0.87934256 0.12065746]
[1 0],[0.8789528  0.12104721]
[0 1],[0.12484124 0.8751587 ]
[0 1],[0.12261678 0.8773832 ]
[1 0],[0.87958527 0.12041476]
[1 0],[0.8777959  0.12220411]
[0 1],[0.12384872 0.87615126]
[0 1],[0.14173861 0.85826135]
[1 0],[0.12359098 0.87640905]
[1 0],[0.3219769  0.67802316]
[1 0],[0.87958497 0.12041505]
[0 1],[0.12335    0.87665004]
[1 0],[0.87958664 0.12041335]
[0 1],[0.12361882 0.8763812 ]
[0 1],[0.1230858 0.8769142]
[1 0],[0.8791402  0.12085979]
[0 1],[0.13557392 0.864426  ]
[1 0],[0.87958884 0.12041114]
[1 0],[0.8787946  0.12120535]
[1 0],[0.87921447 0.12078557]
[0 1],[0.8776775  0.12232252]
[1 0],[0.8795868  0.12041316]
[0 1],[0.12402975 0.87597024]
[1 0],[0.87895954 0.12104049]
[0 1],[0.12277446 0.8772256 ]
[1 0],[0.87654763 0.12345244]
[0 1],[0.12416262 0.8758373 ]
[1 0],[0.8795816  0.12041842]
[0 1],[0.12317968 0.87682027]
[0 1],[0.13399279 0.8660072 ]
[0 1],[0.12266911 0.8773309 ]
[1 0],[0.87689596 0.12310405]
[0 1],[0.12267194 0.87732804]
[0 1],[0.1230905  0.87690955]
[1 0],[0.8794648  0.12053514]
[0 1],[0.12320368 0.87679625]
[1 0],[0.87860143 0.12139856]
[0 1],[0.12289575 0.8771042 ]
[1 0],[0.8795823  0.12041768]
[1 0],[0.8787035  0.12129646]
[0 1],[0.12898211 0.87101793]
[1 0],[0.8750808  0.12491914]
[0 1],[0.12305281 0.8769472 ]
[1 0],[0.87907374 0.1209262 ]
[0 1],[0.12354496 0.876455  ]
[1 0],[0.8795868  0.12041316]
[0 1],[0.12419361 0.87580633]
[0 1],[0.12314044 0.8768595 ]
[0 1],[0.12265006 0.87735   ]
[1 0],[0.87959206 0.12040792]
[0 1],[0.12268271 0.8773173 ]
[1 0],[0.8650111  0.13498884]
[0 1],[0.12604526 0.87395483]
[1 0],[0.879057   0.12094304]
[1 0],[0.87958896 0.12041105]
[0 1],[0.12275984 0.8772401 ]
[1 0],[0.8792811  0.12071887]
[0 1],[0.12714553 0.8728545 ]
[1 0],[0.86678696 0.13321306]
[0 1],[0.12263421 0.87736577]
[1 0],[0.87943864 0.12056143]
[0 1],[0.761375   0.23862505]
[1 0],[0.87424445 0.12575555]
[1 0],[0.8741338 0.1258662]
[0 1],[0.12461474 0.8753853 ]
[1 0],[0.87653244 0.12346756]
[0 1],[0.12310499 0.87689495]
[1 0],[0.8791277  0.12087233]
[0 1],[0.12287059 0.87712944]
[1 0],[0.8794577  0.12054227]
[0 1],[0.12268961 0.8773104 ]
[1 0],[0.87958485 0.12041508]
[0 1],[0.12348986 0.87651014]
[1 0],[0.8761717  0.12382825]
[0 1],[0.12330564 0.8766944 ]
[0 1],[0.12380702 0.8761929 ]
[1 0],[0.87851715 0.12148289]
[0 1],[0.12489529 0.87510467]
[1 0],[0.87938195 0.12061809]
[0 1],[0.12314201 0.87685806]
[0 1],[0.1226921  0.87730795]
[0 1],[0.1246288 0.8753712]
[0 1],[0.12598632 0.8740136 ]
[1 0],[0.8790698  0.12093018]
[0 1],[0.8787475  0.12125255]
[1 0],[0.87892973 0.12107029]
[0 1],[0.12472543 0.8752746 ]
[1 0],[0.87958914 0.12041083]
[1 0],[0.8759648  0.12403514]
[0 1],[0.12430972 0.8756902 ]
[1 0],[0.8790831  0.12091693]
[1 0],[0.8733368  0.12666312]
[0 1],[0.12975407 0.87024593]
[1 0],[0.87886286 0.12113716]
[0 1],[0.12373763 0.87626237]
[1 0],[0.8790918  0.12090816]
[0 1],[0.12294637 0.8770537 ]
[1 0],[0.8791061 0.1208939]
[1 0],[0.87877274 0.12122733]
[0 1],[0.12896311 0.8710369 ]
[1 0],[0.87957823 0.12042175]
[1 0],[0.8794973  0.12050273]
[0 1],[0.12411165 0.87588835]
[1 0],[0.87893146 0.12106851]
[0 1],[0.12297625 0.8770238 ]
[0 1],[0.12395391 0.87604606]
[1 0],[0.8793365  0.12066353]
[1 0],[0.8795869  0.12041315]
[0 1],[0.12350112 0.8764989 ]
[1 0],[0.87212217 0.1278778 ]
[0 1],[0.12271322 0.87728685]
[1 0],[0.8794478  0.12055217]
[1 0],[0.87498564 0.12501442]
[1 0],[0.8791577  0.12084229]
[0 1],[0.1229757  0.87702435]
[1 0],[0.8703038  0.12969613]
[0 1],[0.12353901 0.87646097]
[0 1],[0.12302998 0.87697005]
[1 0],[0.8788603  0.12113976]
[0 1],[0.12366589 0.8763341 ]
[1 0],[0.8718944  0.12810555]
[0 1],[0.12296056 0.8770395 ]
[1 0],[0.8691285  0.13087144]
[0 1],[0.8724178  0.12758222]
[0 1],[0.12263742 0.8773626 ]
[1 0],[0.87958896 0.12041111]
[0 1],[0.12838925 0.8716107 ]
[1 0],[0.879247   0.12075298]
[1 0],[0.879176   0.12082398]
[0 1],[0.12571396 0.874286  ]
[1 0],[0.8719543  0.12804562]
[0 1],[0.12270063 0.8772994 ]
[0 1],[0.12386888 0.8761312 ]
[1 0],[0.8795846  0.12041537]
[0 1],[0.12268629 0.87731373]
[1 0],[0.8795669  0.12043307]
[0 1],[0.12286557 0.8771345 ]
[0 1],[0.12456369 0.87543625]
[0 1],[0.13601303 0.863987  ]
[1 0],[0.87312084 0.12687916]
[0 1],[0.12435717 0.8756429 ]
[1 0],[0.8791139  0.12088607]
[1 0],[0.8757774  0.12422255]
[0 1],[0.12464739 0.87535256]
[1 0],[0.8785684  0.12143165]
[0 1],[0.12526818 0.8747318 ]
[1 0],[0.8795863  0.12041376]
[0 1],[0.1259566 0.8740434]
[0 1],[0.12292396 0.877076  ]
[1 0],[0.8792952  0.12070484]
[1 0],[0.868594   0.13140596]
[0 1],[0.13030955 0.8696905 ]
[1 0],[0.87701005 0.12298994]
[1 0],[0.85048366 0.14951627]
[0 1],[0.12265102 0.87734896]
[1 0],[0.8795653  0.12043463]
[0 1],[0.12501006 0.8749899 ]
[1 0],[0.87911373 0.12088624]
[1 0],[0.8795764  0.12042359]
[1 0],[0.8795882  0.12041176]
[1 0],[0.8795855  0.12041447]
[0 1],[0.12330752 0.8766925 ]
[1 0],[0.87927425 0.12072569]
[0 1],[0.122923 0.877077]
[1 0],[0.87681645 0.12318357]
[0 1],[0.12324473 0.8767553 ]
[1 0],[0.87958664 0.12041342]
[0 1],[0.14873436 0.8512656 ]
[1 0],[0.8733014  0.12669866]
[0 1],[0.12285688 0.8771431 ]
[0 1],[0.12269704 0.877303  ]
[1 0],[0.87958425 0.12041577]
[0 1],[0.12315223 0.8768478 ]
[1 0],[0.87957186 0.12042809]
[1 0],[0.8556989  0.14430109]
[0 1],[0.1283841 0.8716159]
[1 0],[0.8790433  0.12095676]
[0 1],[0.1226895 0.8773105]
[1 0],[0.8795834  0.12041659]
[0 1],[0.12273292 0.8772671 ]
[0 1],[0.12329322 0.87670684]
[0 1],[0.86511695 0.13488305]
[1 0],[0.87903416 0.12096585]
[0 1],[0.12326853 0.87673146]
[0 1],[0.12295873 0.8770413 ]
[1 0],[0.8763691  0.12363082]
[0 1],[0.12533215 0.8746679 ]
[1 0],[0.8795867  0.12041327]
[0 1],[0.12301181 0.87698823]
[0 1],[0.12648837 0.8735116 ]
[1 0],[0.8726781 0.1273219]
[1 0],[0.8789426  0.12105744]
[0 1],[0.12321185 0.87678814]
[1 0],[0.8740306  0.12596948]
[1 0],[0.85834855 0.14165142]
[0 1],[0.12655377 0.8734462 ]
[1 0],[0.879213   0.12078698]
[0 1],[0.12584707 0.8741529 ]
[1 0],[0.8794476  0.12055244]
[0 1],[0.12309762 0.8769024 ]
[0 1],[0.12291328 0.8770867 ]
[1 0],[0.8791252  0.12087481]
[0 1],[0.12338109 0.87661886]
[1 0],[0.8791696 0.1208304]
[0 1],[0.12310589 0.8768942 ]
[1 0],[0.8795831 0.1204169]
[0 1],[0.1254606 0.8745394]
[0 1],[0.12457924 0.87542075]
[1 0],[0.8773941  0.12260593]
[1 0],[0.8794238  0.12057626]
[0 1],[0.12508364 0.8749164 ]
[1 0],[0.8607658  0.13923417]
[0 1],[0.12349098 0.87650895]
[1 0],[0.8790882  0.12091178]
[1 0],[0.87893075 0.12106933]
[0 1],[0.12386984 0.87613016]
[1 0],[0.8754899  0.12451015]
[0 1],[0.12525119 0.87474877]
[1 0],[0.8757599  0.12424006]
[0 1],[0.12295607 0.87704396]
[1 0],[0.8795868  0.12041321]
[1 0],[0.87642235 0.12357764]
[0 1],[0.12265913 0.8773409 ]
[1 0],[0.87958497 0.12041503]
[0 1],[0.12284237 0.8771577 ]
[1 0],[0.8793029  0.12069704]
[1 0],[0.8792966  0.12070342]
[0 1],[0.12610492 0.8738951 ]
[1 0],[0.87958497 0.12041503]
[0 1],[0.12398289 0.87601703]
[1 0],[0.8795875  0.12041251]
[0 1],[0.12608482 0.8739152 ]
[1 0],[0.8784547  0.12154533]
[0 1],[0.12760541 0.8723946 ]
[0 1],[0.12315623 0.87684375]
[0 1],[0.12292714 0.8770729 ]
[1 0],[0.15270483 0.8472951 ]
[0 1],[0.12290923 0.87709075]
[1 0],[0.87958366 0.12041634]
[0 1],[0.1230875 0.8769125]
[1 0],[0.879321   0.12067898]
[0 1],[0.12699632 0.8730036 ]
[1 0],[0.8795917  0.12040834]
[0 1],[0.12269075 0.8773092 ]
[0 1],[0.12307786 0.87692213]
[0 1],[0.12313928 0.8768607 ]
[1 0],[0.8795388  0.12046129]
[1 0],[0.8788099  0.12119003]
[0 1],[0.12399349 0.87600654]
[0 1],[0.12440366 0.87559634]
[0 1],[0.12299229 0.8770077 ]
[1 0],[0.87875843 0.12124154]
[1 0],[0.8766678  0.12333221]
[0 1],[0.12311489 0.87688506]
[1 0],[0.8795683  0.12043177]
[1 0],[0.8795906  0.12040941]
[1 0],[0.8795865  0.12041344]
[1 0],[0.8795912  0.12040873]
[0 1],[0.12400041 0.87599957]
[1 0],[0.84634095 0.15365906]
[1 0],[0.879588 0.120412]
[1 0],[0.8792811  0.12071887]
[0 1],[0.1236244 0.8763756]
[1 0],[0.87872773 0.12127232]
[0 1],[0.13577281 0.8642272 ]
[1 0],[0.8733734  0.12662661]
[1 0],[0.87739813 0.12260181]
[1 0],[0.8792785  0.12072152]
[1 0],[0.8771339  0.12286607]
[0 1],[0.12296609 0.8770339 ]
[0 1],[0.12380576 0.8761942 ]
[1 0],[0.8794624  0.12053762]
[0 1],[0.1247927 0.8752073]
[0 1],[0.12518844 0.87481153]
[0 1],[0.1256434 0.8743566]
[1 0],[0.8790014  0.12099865]
[1 0],[0.8790522  0.12094776]
[0 1],[0.12571916 0.87428087]
[0 1],[0.12262387 0.87737614]
[1 0],[0.87942094 0.12057903]
[0 1],[0.12296797 0.87703204]
[1 0],[0.8652567  0.13474324]
[0 1],[0.12269523 0.87730473]
[1 0],[0.8795351  0.12046488]
[0 1],[0.12446499 0.875535  ]
[1 0],[0.8795902  0.12040975]
[0 1],[0.12266087 0.8773391 ]
[1 0],[0.8795871  0.12041294]
[0 1],[0.12335302 0.876647  ]
[1 0],[0.8788498  0.12115026]
[0 1],[0.12299963 0.8770004 ]
[1 0],[0.87920684 0.12079318]
[1 0],[0.87695146 0.12304859]
[1 0],[0.87632465 0.12367536]
[0 1],[0.12406628 0.8759337 ]
[1 0],[0.8788142  0.12118573]
[0 1],[0.12309516 0.8769048 ]
[1 0],[0.8795786  0.12042136]
[0 1],[0.12330788 0.8766922 ]
[0 1],[0.12263913 0.8773609 ]
[1 0],[0.87370795 0.12629203]
[1 0],[0.87945014 0.12054982]
[1 0],[0.8789612  0.12103882]
[1 0],[0.8758677  0.12413229]
[0 1],[0.12437753 0.8756225 ]
[1 0],[0.87959105 0.12040897]
[0 1],[0.12272351 0.8772765 ]
[0 1],[0.25029233 0.74970764]
[0 1],[0.12397223 0.87602776]
[1 0],[0.87123084 0.12876908]
[0 1],[0.12289508 0.87710494]
[0 1],[0.12654127 0.8734587 ]
[1 0],[0.879587   0.12041299]
[0 1],[0.12321581 0.87678415]
[1 0],[0.8741688 0.1258312]
[0 1],[0.17644638 0.82355356]
[0 1],[0.12262586 0.8773742 ]
[1 0],[0.8792129  0.12078708]
[0 1],[0.12268992 0.87731004]
[1 0],[0.8795539  0.12044612]
[0 1],[0.12326771 0.8767323 ]
[1 0],[0.8795857  0.12041429]
[0 1],[0.12754925 0.87245077]
[1 0],[0.8791129  0.12088711]
[1 0],[0.8766934  0.12330656]
[0 1],[0.1232572 0.8767427]
[1 0],[0.8790038  0.12099618]
[0 1],[0.15744425 0.84255576]
[1 0],[0.8657992  0.13420081]
[0 1],[0.1273634  0.87263656]
[1 0],[0.8780329  0.12196704]
[0 1],[0.12308431 0.8769157 ]
[1 0],[0.8795836  0.12041642]
[0 1],[0.1256659 0.8743341]
[0 1],[0.12286499 0.87713504]
[1 0],[0.8793034  0.12069662]
[0 1],[0.12263734 0.8773626 ]
[0 1],[0.12351778 0.87648225]
[0 1],[0.16560793 0.8343921 ]
[1 0],[0.8795786  0.12042139]
[0 1],[0.12262011 0.8773799 ]
[0 1],[0.1231355  0.87686443]
[1 0],[0.87958384 0.12041613]
[1 0],[0.87679464 0.12320533]
[0 1],[0.12536667 0.8746333 ]
[1 0],[0.87404025 0.12595975]
[1 0],[0.87954634 0.12045373]
[1 0],[0.87393695 0.1260631 ]
[0 1],[0.12451937 0.8754806 ]
[1 0],[0.8795872  0.12041284]
[0 1],[0.20131145 0.79868853]
[0 1],[0.12264686 0.8773531 ]
[0 1],[0.12770218 0.8722978 ]
[1 0],[0.87958395 0.12041603]
[0 1],[0.12265451 0.87734544]
[1 0],[0.87958384 0.12041613]
[0 1],[0.1237355 0.8762645]
[1 0],[0.8753849  0.12461505]
[0 1],[0.12305942 0.87694055]
[1 0],[0.87958634 0.12041361]
[0 1],[0.12404958 0.8759504 ]
[0 1],[0.12265869 0.87734133]
[0 1],[0.12602931 0.8739706 ]
[0 1],[0.12264781 0.8773522 ]
[1 0],[0.12305464 0.8769453 ]
[0 1],[0.12341994 0.87658006]
[1 0],[0.8792322  0.12076778]
[0 1],[0.12306464 0.8769354 ]
[1 0],[0.87955636 0.12044359]
[1 0],[0.87939227 0.12060776]
[0 1],[0.12386238 0.8761377 ]
[1 0],[0.87958306 0.12041696]
[0 1],[0.1229873  0.87701267]
[0 1],[0.12285669 0.87714326]
[0 1],[0.12262535 0.87737465]
[1 0],[0.87958854 0.12041146]
[0 1],[0.12859263 0.87140733]
[1 0],[0.8795853  0.12041467]
[0 1],[0.12867269 0.87132734]
[0 1],[0.12291306 0.877087  ]
[0 1],[0.12321874 0.8767812 ]
[0 1],[0.12517793 0.87482214]
[0 1],[0.879023   0.12097701]
[1 0],[0.8706556 0.1293444]
[0 1],[0.12466913 0.87533087]
[1 0],[0.8789666  0.12103332]
[0 1],[0.12557337 0.8744266 ]
[1 0],[0.8747691  0.12523085]
[1 0],[0.8737093 0.1262907]
[0 1],[0.122955 0.877045]
[1 0],[0.8083001  0.19169985]
[0 1],[0.12505056 0.8749494 ]
[1 0],[0.87956107 0.12043897]
[0 1],[0.1235674 0.8764326]
[1 0],[0.8795873  0.12041268]
[0 1],[0.12289124 0.8771087 ]
[1 0],[0.87928355 0.12071643]
[0 1],[0.12401999 0.87598   ]
[1 0],[0.87958425 0.12041575]
[0 1],[0.12265211 0.87734795]
[1 0],[0.8722181  0.12778188]
[0 1],[0.12418267 0.8758173 ]
[1 0],[0.8795177  0.12048233]
[0 1],[0.12299072 0.8770093 ]
[0 1],[0.12295411 0.87704587]
[1 0],[0.8794649  0.12053508]
[0 1],[0.25655067 0.74344933]
[1 0],[0.8767991 0.1232009]
[0 1],[0.12298399 0.877016  ]
[0 1],[0.12300507 0.8769949 ]
[0 1],[0.12984034 0.8701597 ]
[1 0],[0.8790139  0.12098608]
[0 1],[0.1243415 0.8756585]
[1 0],[0.12440642 0.8755936 ]
[0 1],[0.13414621 0.8658538 ]
[1 0],[0.8669797 0.1330203]
[1 0],[0.8795865  0.12041351]
[1 0],[0.8736588  0.12634113]
[0 1],[0.12297844 0.8770216 ]
[1 0],[0.8791892  0.12081075]
[1 0],[0.8790845  0.12091545]
[0 1],[0.12322444 0.87677556]
[1 0],[0.87959206 0.12040798]
[1 0],[0.87367684 0.12632313]
[0 1],[0.12300728 0.8769927 ]
[1 0],[0.879582   0.12041795]
[1 0],[0.87618935 0.12381066]
[0 1],[0.12299106 0.8770089 ]
[1 0],[0.87908894 0.12091102]
[0 1],[0.12405702 0.87594295]
[1 0],[0.8794017  0.12059832]
[0 1],[0.12946361 0.8705364 ]
[1 0],[0.878131   0.12186896]
[1 0],[0.8795609  0.12043907]
[0 1],[0.12268738 0.8773126 ]
[0 1],[0.12264162 0.87735844]
[1 0],[0.8778794  0.12212057]
[0 1],[0.12263125 0.8773688 ]
[0 1],[0.12314637 0.87685364]
[0 1],[0.12279537 0.87720466]
[1 0],[0.87883615 0.12116383]
[1 0],[0.81877923 0.18122078]
[1 0],[0.87574744 0.12425251]
[0 1],[0.12303611 0.8769639 ]
[1 0],[0.87928396 0.12071601]
[0 1],[0.13366488 0.86633515]
[0 1],[0.16940552 0.8305945 ]
[1 0],[0.87871695 0.12128302]
[0 1],[0.125913   0.87408704]
[1 0],[0.87958485 0.12041507]
[0 1],[0.12481996 0.87518007]
[1 0],[0.8683621  0.13163792]
[0 1],[0.12395267 0.8760474 ]
[0 1],[0.12394579 0.8760542 ]
[1 0],[0.8754276  0.12457238]
[1 0],[0.8791113  0.12088875]
[1 0],[0.8795887  0.12041128]
[0 1],[0.12264875 0.8773512 ]
[1 0],[0.8792233  0.12077669]
[0 1],[0.12962984 0.8703701 ]
[1 0],[0.879287   0.12071299]
[0 1],[0.12516709 0.87483287]
[0 1],[0.12266215 0.8773379 ]
[1 0],[0.87958616 0.12041387]
[1 0],[0.8795627  0.12043739]
[0 1],[0.12272523 0.87727475]
[1 0],[0.8795858  0.12041419]
[1 0],[0.8795872 0.1204128]
[0 1],[0.12286108 0.87713885]
[1 0],[0.879586   0.12041407]
[0 1],[0.12815017 0.87184983]
[0 1],[0.14934368 0.85065633]
[1 0],[0.8787024  0.12129762]
[0 1],[0.12418206 0.87581795]
[1 0],[0.8795845  0.12041546]
[1 0],[0.8795845  0.12041545]
[1 0],[0.87687457 0.1231255 ]
[0 1],[0.12328267 0.87671727]
[0 1],[0.12544388 0.8745562 ]
[1 0],[0.8793295  0.12067049]
[0 1],[0.13486259 0.86513746]
[1 0],[0.86289227 0.13710774]
[0 1],[0.12264618 0.87735385]
[1 0],[0.8795895  0.12041054]
[1 0],[0.8791796  0.12082041]
[0 1],[0.12265998 0.8773401 ]
[1 0],[0.8760491  0.12395093]
[0 1],[0.12272334 0.87727666]
[1 0],[0.87956125 0.12043869]
[0 1],[0.12306944 0.87693053]
[1 0],[0.87051547 0.12948458]
[1 0],[0.8794402  0.12055983]
[1 0],[0.87958634 0.12041365]
[0 1],[0.12849109 0.8715089 ]
[1 0],[0.87902087 0.12097913]
[0 1],[0.1229879 0.8770121]
[1 0],[0.8794196  0.12058032]
[1 0],[0.8744574  0.12554254]
[0 1],[0.131002 0.868998]
[1 0],[0.87958443 0.12041556]
[0 1],[0.12298993 0.87701005]
[1 0],[0.87958026 0.12041968]
[0 1],[0.12389091 0.8761091 ]
[1 0],[0.86941636 0.13058369]
[0 1],[0.12748802 0.87251204]
[1 0],[0.87930864 0.12069137]
[0 1],[0.12507251 0.8749275 ]
[1 0],[0.8722709  0.12772913]
[1 0],[0.87958264 0.12041735]
[0 1],[0.14441645 0.85558355]
[1 0],[0.8745393  0.12546071]
[0 1],[0.12703803 0.872962  ]
[1 0],[0.87959087 0.12040914]
[0 1],[0.1252873  0.87471277]
[1 0],[0.8795867  0.12041322]
[0 1],[0.14058778 0.8594122 ]
[0 1],[0.13221411 0.8677858 ]
[0 1],[0.13040484 0.86959517]
[0 1],[0.12397666 0.8760233 ]
[1 0],[0.13273528 0.86726475]
[0 1],[0.12308665 0.8769133 ]
[0 1],[0.12605415 0.8739459 ]
[0 1],[0.12669858 0.87330145]
[1 0],[0.8795873  0.12041269]
[1 0],[0.87721145 0.12278861]
[1 0],[0.8794063  0.12059372]
[0 1],[0.12306406 0.87693596]
[1 0],[0.8791634  0.12083653]
[0 1],[0.13302147 0.8669786 ]
[0 1],[0.12269774 0.8773022 ]
[0 1],[0.12295821 0.87704176]
[1 0],[0.8774992  0.12250081]
[0 1],[0.12344578 0.8765542 ]
[1 0],[0.8708163  0.12918378]
[0 1],[0.12413412 0.8758659 ]
[0 1],[0.12266697 0.8773331 ]
[1 0],[0.879111   0.12088902]
[0 1],[0.1226832 0.8773168]
[0 1],[0.1228779 0.8771221]
[1 0],[0.87911004 0.12088993]
[0 1],[0.12334883 0.8766511 ]
[1 0],[0.876276   0.12372392]
[1 0],[0.87936974 0.12063026]
[1 0],[0.87895566 0.12104435]
[0 1],[0.12460225 0.87539774]
[0 1],[0.12309634 0.8769037 ]
[1 0],[0.8795895  0.12041046]
[0 1],[0.12290566 0.8770944 ]
[1 0],[0.8795856 0.1204144]
[1 0],[0.8795855  0.12041447]
[1 0],[0.87456465 0.12543535]
[0 1],[0.1388295  0.86117053]
[1 0],[0.8774588  0.12254115]
[0 1],[0.13528495 0.8647151 ]
[1 0],[0.87926257 0.12073738]
[1 0],[0.87958753 0.12041248]
[0 1],[0.18582675 0.8141733 ]
[1 0],[0.87107885 0.12892118]
[0 1],[0.12961498 0.870385  ]
[1 0],[0.8793292  0.12067076]
[0 1],[0.12572388 0.87427616]
[1 0],[0.8794047  0.12059529]
[1 0],[0.8791855  0.12081452]
[0 1],[0.12295362 0.87704635]
[1 0],[0.8795914  0.12040861]
[0 1],[0.13090302 0.86909705]
[1 0],[0.34324187 0.65675807]
[0 1],[0.12386943 0.8761306 ]
[0 1],[0.12315375 0.8768462 ]
[0 1],[0.12285092 0.87714905]
[1 0],[0.87949765 0.12050238]
