[1 0],[0.86761093 0.13238913]
[0 1],[0.13798961 0.8620104 ]
[1 0],[0.8673557 0.1326443]
[0 1],[0.13618927 0.8638108 ]
[1 0],[0.84046763 0.15953235]
[1 0],[0.8248371  0.17516293]
[1 0],[0.8387708  0.16122918]
[0 1],[0.53405786 0.46594217]
[1 0],[0.8690842 0.1309158]
[0 1],[0.13860267 0.86139727]
[0 1],[0.1720486 0.8279514]
[1 0],[0.84290826 0.15709175]
[1 0],[0.86756516 0.13243483]
[0 1],[0.13522184 0.8647781 ]
[1 0],[0.8676977  0.13230234]
[1 0],[0.86798555 0.13201442]
[0 1],[0.13901006 0.86099   ]
[1 0],[0.86856824 0.1314317 ]
[0 1],[0.39796603 0.602034  ]
[1 0],[0.6159062  0.38409382]
[0 1],[0.14961714 0.8503828 ]
[1 0],[0.8678109  0.13218912]
[1 0],[0.80753297 0.192467  ]
[0 1],[0.16177769 0.8382223 ]
[0 1],[0.13834605 0.861654  ]
[1 0],[0.14546293 0.8545371 ]
[0 1],[0.13781808 0.86218184]
[1 0],[0.6013008  0.39869925]
[1 0],[0.33341524 0.6665848 ]
[0 1],[0.13514823 0.8648518 ]
[1 0],[0.8260976  0.17390242]
[0 1],[0.13714148 0.86285853]
[1 0],[0.823441   0.17655897]
[1 0],[0.8677641  0.13223594]
[0 1],[0.13838536 0.86161464]
[1 0],[0.56491417 0.4350859 ]
[0 1],[0.1369919  0.86300814]
[1 0],[0.87059855 0.12940145]
[0 1],[0.13534139 0.8646586 ]
[0 1],[0.13929264 0.86070734]
[1 0],[0.8395563  0.16044371]
[0 1],[0.13566895 0.86433107]
[1 0],[0.86824155 0.13175839]
[1 0],[0.87191474 0.12808524]
[0 1],[0.13516948 0.86483055]
[1 0],[0.8372607  0.16273929]
[0 1],[0.13986216 0.8601379 ]
[1 0],[0.86681014 0.13318984]
[1 0],[0.8701975 0.1298025]
[0 1],[0.13546415 0.86453587]
[1 0],[0.83993053 0.16006942]
[1 0],[0.86817265 0.13182738]
[1 0],[0.777923 0.222077]
[1 0],[0.80378103 0.19621892]
[0 1],[0.13551074 0.86448926]
[0 1],[0.14535785 0.8546421 ]
[1 0],[0.73953986 0.26046017]
[1 0],[0.86783636 0.13216358]
[0 1],[0.13937956 0.8606204 ]
[1 0],[0.25804543 0.74195457]
[0 1],[0.13877791 0.8612221 ]
[1 0],[0.6864249  0.31357512]
[0 1],[0.1351531 0.8648468]
[1 0],[0.86913276 0.13086721]
[1 0],[0.8503111 0.1496889]
[1 0],[0.844216   0.15578397]
[0 1],[0.1351324 0.8648676]
[0 1],[0.14134488 0.8586551 ]
[1 0],[0.62987417 0.37012586]
[0 1],[0.13810278 0.86189723]
[1 0],[0.60846096 0.39153904]
[1 0],[0.18883808 0.8111619 ]
[0 1],[0.1387751 0.8612249]
[1 0],[0.46128196 0.53871804]
[1 0],[0.8676362  0.13236381]
[1 0],[0.8677547  0.13224533]
[0 1],[0.13775896 0.8622411 ]
[0 1],[0.13812183 0.8618781 ]
[1 0],[0.86940736 0.13059269]
[1 0],[0.8675662  0.13243376]
[0 1],[0.14662297 0.853377  ]
[0 1],[0.141401   0.85859895]
[0 1],[0.8063553  0.19364467]
[1 0],[0.8678065 0.1321935]
[0 1],[0.13846971 0.86153036]
[1 0],[0.84329087 0.15670913]
[0 1],[0.13514704 0.8648529 ]
[1 0],[0.8022051  0.19779493]
[0 1],[0.14345136 0.8565486 ]
[0 1],[0.15491493 0.845085  ]
[1 0],[0.86801463 0.13198537]
[1 0],[0.84867555 0.1513244 ]
[0 1],[0.1351494 0.8648506]
[0 1],[0.13587266 0.86412734]
[1 0],[0.80806816 0.19193189]
[0 1],[0.13516897 0.864831  ]
[1 0],[0.6177441  0.38225582]
[1 0],[0.86444473 0.13555531]
[1 0],[0.86497813 0.13502192]
[1 0],[0.86765903 0.13234103]
[0 1],[0.14046755 0.8595325 ]
[1 0],[0.79938555 0.20061441]
[1 0],[0.8567244  0.14327566]
[0 1],[0.13665569 0.8633443 ]
[1 0],[0.86841685 0.1315831 ]
[0 1],[0.13583174 0.8641682 ]
[1 0],[0.8678526  0.13214731]
[0 1],[0.13582247 0.8641776 ]
[1 0],[0.8223579  0.17764206]
[0 1],[0.13588224 0.86411774]
[1 0],[0.57447004 0.42552996]
[0 1],[0.13701819 0.86298186]
[1 0],[0.82237077 0.17762925]
[1 0],[0.57604    0.42395994]
[1 0],[0.8503204  0.14967957]
[0 1],[0.25217253 0.7478275 ]
[1 0],[0.57811624 0.42188373]
[1 0],[0.5999099 0.4000901]
[0 1],[0.1381177  0.86188227]
[0 1],[0.16248019 0.83751976]
[1 0],[0.8581826  0.14181744]
[0 1],[0.13597414 0.8640259 ]
[0 1],[0.13516997 0.86483   ]
[0 1],[0.13516647 0.8648336 ]
[1 0],[0.8680816  0.13191837]
[0 1],[0.13782303 0.862177  ]
[0 1],[0.13614279 0.8638572 ]
[1 0],[0.8678959  0.13210411]
[1 0],[0.8356127  0.16438735]
[0 1],[0.1401924 0.8598076]
[1 0],[0.8403473  0.15965268]
[0 1],[0.1377483 0.8622517]
[1 0],[0.8682901  0.13170987]
[0 1],[0.13865487 0.8613452 ]
[0 1],[0.8275901  0.17240988]
[1 0],[0.8383485 0.1616515]
[0 1],[0.28808978 0.71191025]
[0 1],[0.13832827 0.86167175]
[1 0],[0.8222866  0.17771341]
[0 1],[0.32390812 0.6760919 ]
[1 0],[0.794866 0.205134]
[0 1],[0.139255 0.860745]
[1 0],[0.83146954 0.16853046]
[0 1],[0.13526495 0.86473507]
[1 0],[0.6008083  0.39919177]
[0 1],[0.14634305 0.853657  ]
[1 0],[0.8574044  0.14259565]
[0 1],[0.13820224 0.8617977 ]
[0 1],[0.13670826 0.8632918 ]
[0 1],[0.13532133 0.86467874]
[0 1],[0.14185911 0.8581409 ]
[1 0],[0.87064725 0.12935276]
[1 0],[0.8717081 0.1282919]
[0 1],[0.13846157 0.8615384 ]
[0 1],[0.15624095 0.84375906]
[0 1],[0.13566817 0.8643318 ]
[1 0],[0.62053245 0.37946755]
[0 1],[0.14414862 0.85585135]
[0 1],[0.14006111 0.8599389 ]
[1 0],[0.8474715  0.15252852]
[0 1],[0.15201934 0.8479807 ]
[1 0],[0.62299556 0.37700447]
[0 1],[0.14024064 0.85975933]
[0 1],[0.14218819 0.8578118 ]
[0 1],[0.1354354  0.86456454]
[1 0],[0.8078613  0.19213867]
[0 1],[0.13629916 0.8637008 ]
[1 0],[0.8434983  0.15650177]
[0 1],[0.13527459 0.8647254 ]
[1 0],[0.54201674 0.45798323]
[0 1],[0.13530788 0.8646921 ]
[0 1],[0.13599919 0.8640008 ]
[1 0],[0.7482396  0.25176048]
[0 1],[0.17405643 0.82594365]
[0 1],[0.13818416 0.86181587]
[1 0],[0.5802844  0.41971552]
[0 1],[0.1382178  0.86178213]
[1 0],[0.80980736 0.1901927 ]
[1 0],[0.8706724  0.12932765]
[0 1],[0.83675444 0.16324553]
[0 1],[0.72475946 0.2752405 ]
[1 0],[0.84580076 0.15419929]
[0 1],[0.13531815 0.86468184]
[0 1],[0.13824606 0.861754  ]
[1 0],[0.83554494 0.1644551 ]
[0 1],[0.27116194 0.728838  ]
[1 0],[0.84074295 0.15925704]
[1 0],[0.87062407 0.12937595]
[0 1],[0.13906989 0.86093   ]
[1 0],[0.8433765  0.15662348]
[0 1],[0.17460948 0.8253905 ]
[1 0],[0.86973065 0.13026938]
[0 1],[0.14238882 0.8576112 ]
[0 1],[0.1351874 0.8648126]
[1 0],[0.7380154  0.26198462]
[0 1],[0.13516033 0.86483973]
[1 0],[0.8344061  0.16559395]
[0 1],[0.13677071 0.86322933]
[1 0],[0.13709927 0.8629007 ]
[1 0],[0.8678296  0.13217038]
[1 0],[0.84471613 0.15528385]
[1 0],[0.82409084 0.17590913]
[0 1],[0.1354521 0.8645479]
[1 0],[0.84461015 0.15538988]
[1 0],[0.8687361  0.13126393]
[0 1],[0.14108622 0.8589138 ]
[0 1],[0.13899834 0.8610016 ]
[0 1],[0.1377992  0.86220086]
[1 0],[0.8111157  0.18888429]
[0 1],[0.26213947 0.73786056]
[1 0],[0.8350246  0.16497535]
[0 1],[0.13929048 0.86070955]
[1 0],[0.8682998  0.13170022]
[0 1],[0.14026771 0.8597323 ]
[1 0],[0.8696444  0.13035561]
[0 1],[0.13589987 0.8641001 ]
[1 0],[0.8479856  0.15201439]
[0 1],[0.14704373 0.85295624]
[0 1],[0.1703499 0.8296501]
[0 1],[0.1401921  0.85980785]
[1 0],[0.80739796 0.19260202]
[0 1],[0.13515663 0.86484337]
[1 0],[0.757622   0.24237806]
[0 1],[0.14049697 0.85950303]
[1 0],[0.5892017  0.41079834]
[0 1],[0.1351673 0.8648327]
[0 1],[0.14091036 0.8590896 ]
[0 1],[0.13740194 0.8625981 ]
[1 0],[0.86705536 0.13294461]
[0 1],[0.13532756 0.8646725 ]
[0 1],[0.247884   0.75211596]
[1 0],[0.867787   0.13221301]
[0 1],[0.13516594 0.86483413]
[1 0],[0.86769044 0.13230962]
[0 1],[0.24000472 0.75999534]
[0 1],[0.13751535 0.8624847 ]
[1 0],[0.79943013 0.20056993]
[0 1],[0.14209451 0.85790545]
[0 1],[0.14228766 0.8577124 ]
[1 0],[0.60483533 0.3951647 ]
[0 1],[0.13606425 0.86393577]
[0 1],[0.13517928 0.8648207 ]
[1 0],[0.86755824 0.13244174]
[0 1],[0.13822995 0.8617701 ]
[0 1],[0.13759907 0.862401  ]
[1 0],[0.42253268 0.5774673 ]
[0 1],[0.14136612 0.8586339 ]
[1 0],[0.85182315 0.14817688]
[1 0],[0.86895585 0.13104413]
[0 1],[0.13675098 0.86324906]
[0 1],[0.13515005 0.86485   ]
[1 0],[0.8319839  0.16801602]
[1 0],[0.7853849  0.21461509]
[0 1],[0.72500837 0.27499166]
[1 0],[0.8621945  0.13780552]
[0 1],[0.13830833 0.86169165]
[1 0],[0.8696955  0.13030452]
[1 0],[0.81207883 0.18792112]
[1 0],[0.86810035 0.13189971]
[0 1],[0.14109746 0.85890263]
[1 0],[0.85943025 0.14056975]
[0 1],[0.14788117 0.85211885]
[1 0],[0.7599679  0.24003206]
[1 0],[0.86936605 0.13063395]
[1 0],[0.62854147 0.37145853]
[1 0],[0.6043565 0.3956435]
[1 0],[0.8249407 0.1750593]
[0 1],[0.4886124 0.5113876]
[1 0],[0.8511323 0.1488678]
[0 1],[0.13769597 0.8623041 ]
[1 0],[0.8037748  0.19622523]
[0 1],[0.1382028 0.8617972]
[0 1],[0.13957821 0.8604218 ]
[1 0],[0.8309307  0.16906928]
[1 0],[0.86797905 0.13202088]
[1 0],[0.81861496 0.18138498]
[0 1],[0.13824058 0.86175936]
[1 0],[0.8363002  0.16369984]
[0 1],[0.1586199 0.8413801]
[1 0],[0.8418399 0.1581601]
[0 1],[0.14677773 0.85322225]
[1 0],[0.7243225 0.2756774]
[0 1],[0.1382859 0.8617141]
[0 1],[0.13517876 0.86482126]
[1 0],[0.8680522  0.13194785]
[0 1],[0.13516435 0.8648356 ]
[0 1],[0.13520189 0.86479807]
[1 0],[0.85226446 0.14773552]
[1 0],[0.8050279  0.19497214]
[0 1],[0.13963918 0.8603608 ]
[1 0],[0.79631865 0.2036813 ]
[0 1],[0.13527523 0.8647247 ]
[1 0],[0.86767864 0.1323213 ]
[1 0],[0.75326985 0.24673016]
[0 1],[0.13514581 0.86485416]
[1 0],[0.86858016 0.13141991]
[0 1],[0.13525955 0.86474043]
[0 1],[0.13515002 0.86485   ]
[1 0],[0.84383905 0.15616094]
[0 1],[0.13516627 0.8648338 ]
[1 0],[0.8439585  0.15604153]
[1 0],[0.8677584  0.13224167]
[1 0],[0.8678154  0.13218462]
[1 0],[0.83910495 0.16089503]
[0 1],[0.13787018 0.86212987]
[1 0],[0.8680132 0.1319868]
[1 0],[0.24214898 0.75785106]
[0 1],[0.1352802 0.8647198]
[0 1],[0.14649929 0.8535007 ]
[0 1],[0.13517861 0.8648214 ]
[1 0],[0.86781526 0.13218474]
[0 1],[0.13718128 0.86281866]
[0 1],[0.13995315 0.86004686]
[0 1],[0.13722742 0.86277264]
[1 0],[0.8502729  0.14972712]
[0 1],[0.13843688 0.86156315]
[1 0],[0.86828876 0.13171123]
[0 1],[0.1365466  0.86345345]
[1 0],[0.8373106  0.16268937]
[0 1],[0.1404771 0.8595229]
[1 0],[0.81141305 0.18858692]
[0 1],[0.13754866 0.8624514 ]
[1 0],[0.8679037  0.13209625]
[0 1],[0.13821769 0.8617823 ]
[1 0],[0.867776   0.13222404]
[0 1],[0.13747981 0.86252016]
[1 0],[0.8683177 0.1316823]
[0 1],[0.1385573 0.8614427]
[1 0],[0.5508244  0.44917566]
[0 1],[0.13519135 0.8648087 ]
[1 0],[0.86795354 0.1320464 ]
[0 1],[0.1363882 0.8636118]
[1 0],[0.8437444  0.15625559]
[0 1],[0.13797015 0.86202985]
[1 0],[0.821182   0.17881802]
[0 1],[0.20689256 0.79310745]
[0 1],[0.13772398 0.862276  ]
[1 0],[0.7922758  0.20772424]
[0 1],[0.14239807 0.8576019 ]
[0 1],[0.14293589 0.85706407]
[0 1],[0.14298336 0.8570166 ]
[1 0],[0.8119844  0.18801561]
[0 1],[0.14132462 0.8586754 ]
[1 0],[0.867779   0.13222098]
[1 0],[0.6081476  0.39185235]
[0 1],[0.14906627 0.8509338 ]
[0 1],[0.13516977 0.86483026]
[1 0],[0.8599719  0.14002806]
[0 1],[0.1387666 0.8612334]
[0 1],[0.1351802  0.86481977]
[0 1],[0.1384767  0.86152333]
[0 1],[0.13514583 0.86485416]
[1 0],[0.84212697 0.15787303]
[1 0],[0.84775287 0.15224709]
[0 1],[0.13760221 0.8623978 ]
[1 0],[0.8218164  0.17818359]
[0 1],[0.13665678 0.86334324]
[1 0],[0.86792815 0.13207182]
[0 1],[0.13634141 0.8636586 ]
[1 0],[0.85247797 0.14752202]
[0 1],[0.13811244 0.8618875 ]
[0 1],[0.1804077 0.8195923]
[1 0],[0.81343615 0.1865639 ]
[0 1],[0.13514791 0.864852  ]
[1 0],[0.86784166 0.13215832]
[1 0],[0.8321206  0.16787934]
[0 1],[0.13533877 0.8646613 ]
[1 0],[0.85143006 0.14856999]
[1 0],[0.8138561  0.18614389]
[1 0],[0.8717932  0.12820682]
[1 0],[0.8217938  0.17820624]
[0 1],[0.13574998 0.86425006]
[0 1],[0.13863301 0.8613669 ]
[1 0],[0.86722875 0.13277134]
[0 1],[0.13795601 0.86204404]
[1 0],[0.60410106 0.39589897]
[0 1],[0.1351612  0.86483884]
[1 0],[0.62784666 0.3721533 ]
[1 0],[0.8525132  0.14748682]
[0 1],[0.13696939 0.8630307 ]
[0 1],[0.13883868 0.86116123]
[1 0],[0.8679668  0.13203327]
[0 1],[0.13523662 0.8647634 ]
[1 0],[0.7933337 0.2066663]
[0 1],[0.14473395 0.8552661 ]
[0 1],[0.16449404 0.8355059 ]
[0 1],[0.18605839 0.81394166]
[0 1],[0.15190896 0.848091  ]
[0 1],[0.2007082  0.79929185]
[1 0],[0.8648095  0.13519052]
[1 0],[0.85584563 0.14415434]
[0 1],[0.13518623 0.8648138 ]
[1 0],[0.8660889  0.13391106]
[0 1],[0.1449329  0.85506713]
[1 0],[0.85294104 0.14705895]
[0 1],[0.13945058 0.8605494 ]
[1 0],[0.7923646  0.20763542]
[0 1],[0.19205187 0.8079481 ]
[1 0],[0.8400478  0.15995221]
[0 1],[0.5544116  0.44558844]
[0 1],[0.15002516 0.84997493]
[1 0],[0.83242035 0.16757965]
[0 1],[0.13837366 0.8616263 ]
[1 0],[0.86772364 0.13227634]
[0 1],[0.14022414 0.8597759 ]
[1 0],[0.8249788 0.1750212]
[0 1],[0.13557108 0.8644289 ]
[1 0],[0.8675357 0.1324643]
[0 1],[0.13842969 0.86157036]
[1 0],[0.8680097  0.13199034]
[0 1],[0.13515155 0.86484843]
[0 1],[0.13603526 0.86396474]
[1 0],[0.86803675 0.13196325]
[0 1],[0.14101702 0.858983  ]
[0 1],[0.1413898 0.8586102]
[1 0],[0.81116825 0.18883173]
[1 0],[0.7291527  0.27084726]
[1 0],[0.7475403  0.25245968]
[0 1],[0.13833997 0.86166006]
[0 1],[0.14002489 0.8599751 ]
[1 0],[0.8677473  0.13225268]
[1 0],[0.8104271  0.18957289]
[0 1],[0.13528425 0.8647157 ]
[1 0],[0.574343   0.42565694]
[1 0],[0.86764884 0.13235115]
[0 1],[0.14755148 0.85244846]
[1 0],[0.86795914 0.13204081]
[1 0],[0.79557806 0.20442188]
[0 1],[0.14286864 0.8571313 ]
[0 1],[0.1408177  0.85918224]
[0 1],[0.13969213 0.8603079 ]
[1 0],[0.6540905 0.3459095]
[0 1],[0.13515691 0.86484313]
[1 0],[0.5599499 0.4400501]
[1 0],[0.8677263  0.13227367]
[1 0],[0.14738911 0.8526108 ]
[0 1],[0.14051871 0.8594813 ]
[0 1],[0.13696904 0.8630309 ]
[0 1],[0.13520458 0.8647954 ]
[1 0],[0.84978485 0.15021513]
[1 0],[0.8682425  0.13175748]
[1 0],[0.59245366 0.40754637]
[0 1],[0.13545337 0.86454666]
[1 0],[0.7081982  0.29180187]
[0 1],[0.13515162 0.8648484 ]
[1 0],[0.8678005  0.13219956]
[1 0],[0.8687721  0.13122785]
[1 0],[0.86768717 0.1323128 ]
[0 1],[0.14069423 0.85930574]
[1 0],[0.8685492  0.13145076]
[1 0],[0.8682902  0.13170981]
[0 1],[0.13908038 0.86091965]
[1 0],[0.8680672  0.13193281]
[0 1],[0.14431442 0.85568565]
[1 0],[0.69139373 0.30860633]
[0 1],[0.77147496 0.22852507]
[0 1],[0.1381367 0.8618633]
[1 0],[0.5515074 0.4484926]
[1 0],[0.8635807  0.13641928]
[0 1],[0.14365613 0.8563439 ]
[1 0],[0.86935365 0.13064641]
[0 1],[0.13647501 0.863525  ]
[0 1],[0.15077461 0.8492254 ]
[1 0],[0.8685708 0.1314292]
[1 0],[0.52291095 0.47708905]
[1 0],[0.867476   0.13252403]
[0 1],[0.13742939 0.86257064]
[1 0],[0.832449   0.16755098]
[0 1],[0.13762148 0.86237854]
[0 1],[0.14993714 0.85006285]
[1 0],[0.5901462  0.40985385]
[0 1],[0.13891447 0.8610856 ]
[1 0],[0.87165093 0.12834907]
[0 1],[0.13761082 0.8623892 ]
[0 1],[0.16461927 0.8353808 ]
[1 0],[0.8678702  0.13212973]
[0 1],[0.13642281 0.8635771 ]
[1 0],[0.86805165 0.13194835]
[1 0],[0.8683804  0.13161956]
[1 0],[0.8520405 0.1479595]
[0 1],[0.17381476 0.8261852 ]
[1 0],[0.13798112 0.8620188 ]
[1 0],[0.84558856 0.15441142]
[0 1],[0.15854822 0.8414518 ]
[1 0],[0.86783063 0.1321694 ]
[0 1],[0.14097326 0.8590268 ]
[0 1],[0.14473718 0.85526276]
[0 1],[0.14128076 0.8587193 ]
[0 1],[0.13588692 0.86411315]
[0 1],[0.14115873 0.8588413 ]
[1 0],[0.86804175 0.13195828]
[1 0],[0.7775019  0.22249813]
[1 0],[0.80330205 0.19669789]
[0 1],[0.14494362 0.8550564 ]
[1 0],[0.8440307 0.1559693]
[0 1],[0.1380658 0.8619342]
[1 0],[0.8711976  0.12880243]
[1 0],[0.83096117 0.16903886]
[0 1],[0.1376924 0.8623076]
[1 0],[0.8671897  0.13281028]
[0 1],[0.13516414 0.86483586]
[1 0],[0.8676623  0.13233763]
[1 0],[0.8233869  0.17661306]
[1 0],[0.68344146 0.31655857]
[1 0],[0.8051138  0.19488618]
[1 0],[0.75843954 0.24156044]
[0 1],[0.8445245  0.15547548]
[0 1],[0.13517801 0.864822  ]
[0 1],[0.1447984  0.85520154]
[0 1],[0.13606144 0.8639385 ]
[1 0],[0.8449789  0.15502107]
[0 1],[0.14376295 0.8562371 ]
[0 1],[0.15901348 0.84098655]
[1 0],[0.8385998 0.1614002]
[0 1],[0.14148065 0.8585194 ]
[1 0],[0.86689675 0.1331032 ]
[0 1],[0.13899496 0.861005  ]
[1 0],[0.6012351  0.39876494]
[0 1],[0.13771787 0.8622821 ]
[1 0],[0.80443054 0.19556949]
[0 1],[0.15654294 0.84345704]
[1 0],[0.8526684  0.14733166]
[0 1],[0.15551792 0.8444821 ]
[1 0],[0.86776096 0.13223904]
[0 1],[0.13558827 0.8644118 ]
[1 0],[0.8675744  0.13242556]
[0 1],[0.24708806 0.7529119 ]
[1 0],[0.8407415  0.15925841]
[0 1],[0.13709378 0.8629062 ]
[0 1],[0.13516559 0.8648345 ]
[1 0],[0.86809945 0.13190052]
[0 1],[0.1438961  0.85610396]
[1 0],[0.86700076 0.1329992 ]
[0 1],[0.13610283 0.86389714]
[1 0],[0.86849725 0.13150273]
[0 1],[0.1370439 0.8629561]
[1 0],[0.86790985 0.13209018]
[1 0],[0.8676958  0.13230419]
[0 1],[0.14169224 0.85830784]
[0 1],[0.15180396 0.848196  ]
[1 0],[0.8474136  0.15258645]
[0 1],[0.13911319 0.8608869 ]
[0 1],[0.13668858 0.8633114 ]
[1 0],[0.8679425 0.1320575]
[0 1],[0.13515094 0.8648491 ]
[1 0],[0.86846375 0.13153622]
[0 1],[0.13517947 0.86482054]
[1 0],[0.8021441 0.1978559]
[0 1],[0.13641259 0.8635874 ]
[1 0],[0.80117774 0.19882232]
[0 1],[0.14098573 0.85901433]
[1 0],[0.85739285 0.1426072 ]
[1 0],[0.8686692  0.13133082]
[0 1],[0.13568419 0.86431587]
[1 0],[0.836041   0.16395897]
[0 1],[0.13669191 0.86330813]
[1 0],[0.5977913  0.40220872]
[1 0],[0.85659933 0.14340068]
[1 0],[0.8677423  0.13225769]
[0 1],[0.16147973 0.8385203 ]
[1 0],[0.8546375  0.14536251]
[0 1],[0.46845517 0.53154486]
[1 0],[0.84137666 0.15862332]
[1 0],[0.809801   0.19019896]
[0 1],[0.13761364 0.86238635]
[1 0],[0.8440585  0.15594153]
[1 0],[0.63352275 0.3664773 ]
[0 1],[0.13619733 0.8638027 ]
[0 1],[0.14702687 0.85297316]
[1 0],[0.86774373 0.13225628]
[0 1],[0.13672234 0.8632777 ]
[0 1],[0.13786827 0.8621317 ]
[1 0],[0.58028156 0.41971847]
[1 0],[0.84383315 0.15616688]
[0 1],[0.15364575 0.84635425]
[0 1],[0.17096448 0.82903546]
[0 1],[0.16643092 0.83356905]
[1 0],[0.80429184 0.19570813]
[0 1],[0.40953028 0.59046966]
[1 0],[0.8626248  0.13737516]
[0 1],[0.14265588 0.8573441 ]
[1 0],[0.8675636  0.13243632]
[0 1],[0.14298654 0.85701346]
[0 1],[0.13905604 0.8609439 ]
[1 0],[0.16718228 0.83281773]
[0 1],[0.13797955 0.86202043]
[0 1],[0.13808613 0.8619139 ]
[0 1],[0.13993467 0.86006534]
[0 1],[0.13931887 0.8606811 ]
[1 0],[0.8109078 0.1890923]
[1 0],[0.87162226 0.12837769]
[0 1],[0.13836294 0.86163706]
[1 0],[0.87177247 0.12822755]
[0 1],[0.14901029 0.8509897 ]
[0 1],[0.13520181 0.8647982 ]
[1 0],[0.5402084  0.45979157]
[0 1],[0.1463045  0.85369545]
[0 1],[0.13677675 0.8632232 ]
[0 1],[0.1374444  0.86255556]
[1 0],[0.6118572  0.38814288]
[0 1],[0.13804932 0.86195076]
[1 0],[0.8680233 0.1319768]
[1 0],[0.763354   0.23664598]
[1 0],[0.869395   0.13060497]
[0 1],[0.13530877 0.8646912 ]
[1 0],[0.86810285 0.13189714]
[1 0],[0.8272169  0.17278309]
[0 1],[0.2608309  0.73916906]
[1 0],[0.86788315 0.1321168 ]
[0 1],[0.14066121 0.8593388 ]
[1 0],[0.8713678  0.12863225]
[1 0],[0.86817974 0.1318202 ]
[0 1],[0.13603717 0.8639628 ]
[1 0],[0.86841667 0.13158329]
[1 0],[0.86766523 0.13233481]
[0 1],[0.13518573 0.8648142 ]
[1 0],[0.8038974  0.19610265]
[0 1],[0.14385067 0.8561494 ]
[1 0],[0.8145354  0.18546462]
[0 1],[0.14207116 0.85792875]
[1 0],[0.8713647  0.12863533]
[0 1],[0.15523261 0.8447674 ]
[1 0],[0.841205 0.158795]
[1 0],[0.86821854 0.13178146]
[0 1],[0.24851528 0.75148475]
[1 0],[0.8114703  0.18852966]
[0 1],[0.6361175 0.3638825]
[1 0],[0.8361472  0.16385286]
[0 1],[0.13913168 0.8608683 ]
[1 0],[0.83711976 0.16288024]
[1 0],[0.8552802 0.1447198]
[0 1],[0.13537525 0.86462474]
[1 0],[0.86789393 0.13210611]
[0 1],[0.15738513 0.8426149 ]
[0 1],[0.14722992 0.8527701 ]
[0 1],[0.13556573 0.8644343 ]
[1 0],[0.82235384 0.17764616]
[0 1],[0.13787198 0.862128  ]
[0 1],[0.13723469 0.86276525]
[1 0],[0.8568842  0.14311579]
