[1 0],[0.87979853 0.12020145]
[0 1],[0.12120472 0.87879527]
[0 1],[0.12326109 0.8767389 ]
[1 0],[0.8782665  0.12173349]
[0 1],[0.12092511 0.8790749 ]
[1 0],[0.8795326  0.12046741]
[0 1],[0.14066702 0.85933304]
[1 0],[0.8797706  0.12022939]
[0 1],[0.12171145 0.87828857]
[1 0],[0.8797903  0.12020967]
[1 0],[0.402275   0.59772503]
[1 0],[0.872371   0.12762897]
[0 1],[0.12093854 0.8790614 ]
[1 0],[0.8797905  0.12020954]
[1 0],[0.87979835 0.12020163]
[1 0],[0.87978756 0.12021247]
[0 1],[0.12191162 0.87808836]
[1 0],[0.87979925 0.12020075]
[1 0],[0.8798     0.12020005]
[0 1],[0.12302411 0.87697595]
[0 1],[0.12971814 0.8702819 ]
[0 1],[0.54469734 0.45530272]
[1 0],[0.8769515  0.12304844]
[0 1],[0.12241211 0.87758785]
[1 0],[0.8797795  0.12022047]
[1 0],[0.12623413 0.8737659 ]
[0 1],[0.12231582 0.8776842 ]
[1 0],[0.8660613  0.13393871]
[0 1],[0.12805106 0.871949  ]
[1 0],[0.12742093 0.8725791 ]
[0 1],[0.12094749 0.87905246]
[1 0],[0.8797968  0.12020323]
[0 1],[0.1218171  0.87818295]
[1 0],[0.8643782  0.13562177]
[0 1],[0.13707982 0.8629202 ]
[0 1],[0.12252693 0.87747306]
[0 1],[0.1216206  0.87837946]
[1 0],[0.87979466 0.12020534]
[1 0],[0.87952954 0.12047043]
[0 1],[0.12131186 0.87868816]
[0 1],[0.12511018 0.8748898 ]
[1 0],[0.8795373  0.12046266]
[0 1],[0.12118169 0.8788183 ]
[1 0],[0.8797919  0.12020816]
[0 1],[0.12144814 0.87855184]
[1 0],[0.8795134  0.12048663]
[0 1],[0.12092391 0.87907606]
[0 1],[0.12775491 0.87224513]
[1 0],[0.879071   0.12092896]
[0 1],[0.12940007 0.8705999 ]
[1 0],[0.87971365 0.12028635]
[0 1],[0.12490416 0.8750958 ]
[0 1],[0.12112736 0.87887263]
[0 1],[0.12559141 0.87440854]
[1 0],[0.8778902  0.12210982]
[0 1],[0.12107154 0.87892854]
[0 1],[0.12295595 0.8770441 ]
[0 1],[0.12257629 0.87742376]
[1 0],[0.8750097  0.12499023]
[0 1],[0.12092473 0.8790752 ]
[0 1],[0.12116692 0.8788331 ]
[1 0],[0.87920356 0.12079645]
[1 0],[0.87954414 0.12045586]
[1 0],[0.87979823 0.12020176]
[1 0],[0.8672734  0.13272668]
[0 1],[0.12178154 0.87821853]
[1 0],[0.8671264  0.13287358]
[0 1],[0.16425869 0.83574134]
[1 0],[0.3471515 0.6528486]
[0 1],[0.12191041 0.8780896 ]
[1 0],[0.5761578  0.42384216]
[1 0],[0.8797976  0.12020243]
[0 1],[0.12192758 0.87807244]
[1 0],[0.8797942  0.12020583]
[0 1],[0.12212973 0.87787026]
[1 0],[0.8793027  0.12069733]
[0 1],[0.18489176 0.81510824]
[1 0],[0.8797883  0.12021168]
[1 0],[0.87903535 0.1209647 ]
[0 1],[0.12589657 0.8741034 ]
[1 0],[0.87928873 0.12071125]
[0 1],[0.8795708  0.12042923]
[0 1],[0.12261606 0.87738395]
[1 0],[0.87791395 0.12208608]
[0 1],[0.12692155 0.87307847]
[0 1],[0.12123309 0.87876695]
[1 0],[0.8797896  0.12021039]
[1 0],[0.87978905 0.12021094]
[0 1],[0.12432045 0.87567955]
[1 0],[0.87979853 0.12020146]
[1 0],[0.877885   0.12211501]
[0 1],[0.12092282 0.8790772 ]
[1 0],[0.8693915  0.13060854]
[0 1],[0.12093461 0.8790654 ]
[1 0],[0.8727917  0.12720829]
[0 1],[0.12196485 0.8780351 ]
[1 0],[0.8796854  0.12031462]
[0 1],[0.12228091 0.8777191 ]
[0 1],[0.12123851 0.8787615 ]
[1 0],[0.8797629  0.12023708]
[1 0],[0.879795   0.12020499]
[1 0],[0.8790464  0.12095363]
[0 1],[0.13572785 0.8642721 ]
[1 0],[0.8632561  0.13674389]
[0 1],[0.12172767 0.8782723 ]
[0 1],[0.12158535 0.8784147 ]
[1 0],[0.8661428  0.13385718]
[0 1],[0.12115329 0.87884676]
[1 0],[0.8797536  0.12024639]
[0 1],[0.12163883 0.87836117]
[1 0],[0.8789751  0.12102491]
[0 1],[0.12092932 0.8790707 ]
[1 0],[0.879798   0.12020199]
[0 1],[0.12098937 0.8790107 ]
[1 0],[0.8557635  0.14423646]
[0 1],[0.14761756 0.8523825 ]
[0 1],[0.12555428 0.8744457 ]
[1 0],[0.8670101  0.13298994]
[0 1],[0.12121364 0.8787863 ]
[0 1],[0.1210177 0.8789823]
[1 0],[0.85155475 0.14844528]
[1 0],[0.8792273  0.12077272]
[0 1],[0.69536316 0.30463687]
[0 1],[0.12210728 0.8778927 ]
[1 0],[0.8682889  0.13171114]
[0 1],[0.12194983 0.8780502 ]
[1 0],[0.8693454  0.13065456]
[0 1],[0.12211667 0.8778833 ]
[0 1],[0.1212393  0.87876076]
[1 0],[0.8796596  0.12034043]
[0 1],[0.12092941 0.8790705 ]
[1 0],[0.86659324 0.13340671]
[0 1],[0.12092791 0.8790721 ]
[1 0],[0.87979865 0.12020138]
[0 1],[0.12210931 0.8778907 ]
[0 1],[0.12137479 0.87862515]
[0 1],[0.12170568 0.8782943 ]
[1 0],[0.878864   0.12113602]
[0 1],[0.12236103 0.87763894]
[0 1],[0.14370029 0.8562997 ]
[1 0],[0.87935454 0.12064546]
[1 0],[0.8728919  0.12710817]
[1 0],[0.87979823 0.12020177]
[0 1],[0.12186363 0.87813634]
[1 0],[0.8797984  0.12020156]
[0 1],[0.32537758 0.6746224 ]
[1 0],[0.879497   0.12050299]
[0 1],[0.87820065 0.12179937]
[0 1],[0.12632121 0.8736788 ]
[1 0],[0.87860346 0.12139658]
[0 1],[0.12287916 0.8771208 ]
[1 0],[0.86530703 0.13469301]
[0 1],[0.12238135 0.8776186 ]
[0 1],[0.12686868 0.8731313 ]
[1 0],[0.879798   0.12020208]
[0 1],[0.15480664 0.8451933 ]
[1 0],[0.8777811  0.12221895]
[0 1],[0.14022411 0.8597759 ]
[1 0],[0.8790429  0.12095708]
[0 1],[0.12099651 0.87900347]
[1 0],[0.86853284 0.13146718]
[0 1],[0.13599025 0.8640098 ]
[1 0],[0.87744707 0.12255289]
[0 1],[0.12171777 0.87828225]
[1 0],[0.87946546 0.12053455]
[0 1],[0.12149833 0.8785017 ]
[1 0],[0.87886333 0.12113671]
[0 1],[0.12126027 0.8787398 ]
[0 1],[0.12607683 0.8739231 ]
[1 0],[0.8795902  0.12040972]
[1 0],[0.87917924 0.12082072]
[0 1],[0.12179402 0.878206  ]
[1 0],[0.8786902  0.12130981]
[0 1],[0.14694583 0.85305417]
[0 1],[0.12138715 0.8786129 ]
[1 0],[0.86920404 0.13079602]
[0 1],[0.12184966 0.8781503 ]
[1 0],[0.8795111  0.12048894]
[0 1],[0.12447055 0.87552947]
[1 0],[0.8797994  0.12020054]
[1 0],[0.8790055  0.12099448]
[1 0],[0.86716056 0.13283946]
[1 0],[0.87961864 0.12038132]
[0 1],[0.12482184 0.87517816]
[0 1],[0.12104654 0.87895346]
[1 0],[0.8713366  0.12866344]
[0 1],[0.12118928 0.87881076]
[1 0],[0.8794294  0.12057059]
[1 0],[0.8535043  0.14649568]
[0 1],[0.12107618 0.87892383]
[1 0],[0.8469169  0.15308304]
[0 1],[0.12360936 0.87639064]
[1 0],[0.87935346 0.12064651]
[0 1],[0.12142175 0.87857825]
[1 0],[0.85589284 0.14410722]
[0 1],[0.12261856 0.87738144]
[0 1],[0.874215   0.12578498]
[1 0],[0.8619079  0.13809212]
[0 1],[0.1209654  0.87903464]
[1 0],[0.87979865 0.12020136]
[0 1],[0.12174141 0.8782586 ]
[1 0],[0.8714528  0.12854725]
[1 0],[0.8794509  0.12054909]
[0 1],[0.19371076 0.8062892 ]
[1 0],[0.8792974  0.12070262]
[0 1],[0.12414975 0.87585026]
[1 0],[0.87979835 0.12020168]
[1 0],[0.8675932  0.13240671]
[0 1],[0.12094525 0.8790548 ]
[0 1],[0.12093303 0.87906694]
[0 1],[0.12125568 0.87874436]
[1 0],[0.12124832 0.87875175]
[1 0],[0.87979823 0.12020178]
[0 1],[0.12170637 0.87829363]
[1 0],[0.8795718  0.12042818]
[0 1],[0.12095618 0.8790438 ]
[1 0],[0.8791683  0.12083168]
[0 1],[0.12093318 0.8790669 ]
[1 0],[0.8797845 0.1202155]
[0 1],[0.12110939 0.8788906 ]
[0 1],[0.12285398 0.877146  ]
[0 1],[0.12356315 0.8764369 ]
[1 0],[0.8656951  0.13430494]
[0 1],[0.12359659 0.8764034 ]
[0 1],[0.12494951 0.8750504 ]
[1 0],[0.87871134 0.1212887 ]
[0 1],[0.12667504 0.873325  ]
[1 0],[0.8794151  0.12058485]
[1 0],[0.8794059  0.12059408]
[1 0],[0.8447048  0.15529522]
[0 1],[0.16891052 0.83108956]
[1 0],[0.8797987  0.12020123]
[1 0],[0.8713771  0.12862287]
[0 1],[0.12091651 0.87908345]
[1 0],[0.8789239 0.1210761]
[0 1],[0.12486026 0.8751397 ]
[0 1],[0.1248008  0.87519914]
[0 1],[0.12119679 0.8788032 ]
[0 1],[0.12105241 0.87894756]
[1 0],[0.8797974  0.12020256]
[0 1],[0.15877764 0.84122235]
[1 0],[0.87979114 0.12020885]
[0 1],[0.12427142 0.8757286 ]
[1 0],[0.86666596 0.13333403]
[0 1],[0.12194224 0.8780577 ]
[0 1],[0.12441207 0.87558794]
[0 1],[0.12124795 0.8787521 ]
[1 0],[0.8792155  0.12078456]
[0 1],[0.12093157 0.87906843]
[1 0],[0.87979704 0.12020294]
[0 1],[0.12239009 0.8776099 ]
[1 0],[0.87976384 0.12023611]
[0 1],[0.12441691 0.8755831 ]
[1 0],[0.8792757  0.12072434]
[0 1],[0.1211284 0.8788716]
[1 0],[0.87875396 0.1212461 ]
[0 1],[0.12155717 0.8784428 ]
[1 0],[0.87786824 0.1221317 ]
[1 0],[0.87900686 0.12099311]
[0 1],[0.12309626 0.8769037 ]
[0 1],[0.12123656 0.87876344]
[1 0],[0.8778533 0.1221467]
[0 1],[0.12469855 0.8753014 ]
[0 1],[0.12174454 0.8782555 ]
[1 0],[0.81185853 0.18814147]
[1 0],[0.87952214 0.1204778 ]
[0 1],[0.12289938 0.87710065]
[1 0],[0.8701404  0.12985964]
[0 1],[0.12175123 0.87824875]
[0 1],[0.12227757 0.8777225 ]
[1 0],[0.8720356  0.12796432]
[1 0],[0.8797974  0.12020259]
[0 1],[0.12137321 0.87862676]
[1 0],[0.8795288  0.12047119]
[1 0],[0.87913126 0.12086879]
[0 1],[0.12234173 0.8776583 ]
[1 0],[0.87979436 0.12020561]
[0 1],[0.12310839 0.8768916 ]
[1 0],[0.87444246 0.1255575 ]
[1 0],[0.8778264  0.12217367]
[0 1],[0.13220687 0.8677931 ]
[1 0],[0.87938416 0.12061588]
[0 1],[0.16558634 0.83441365]
[1 0],[0.8797721  0.12022784]
[0 1],[0.12092803 0.879072  ]
[0 1],[0.12093033 0.8790696 ]
[1 0],[0.87865454 0.12134541]
[1 0],[0.8785364  0.12146362]
[1 0],[0.87133366 0.12866631]
[0 1],[0.12337364 0.8766264 ]
[0 1],[0.12107988 0.87892014]
[0 1],[0.12092323 0.8790768 ]
[1 0],[0.87977064 0.12022928]
[0 1],[0.12105596 0.878944  ]
[1 0],[0.8793442  0.12065572]
[0 1],[0.12092463 0.87907535]
[1 0],[0.8797906  0.12020938]
[0 1],[0.12343951 0.87656045]
[0 1],[0.1244905  0.87550944]
[1 0],[0.85561067 0.14438933]
[1 0],[0.8795873  0.12041268]
[1 0],[0.8797999  0.12020013]
[1 0],[0.8797861  0.12021394]
[0 1],[0.12120918 0.8787908 ]
[1 0],[0.13567646 0.8643236 ]
[1 0],[0.87979865 0.12020136]
[0 1],[0.12160693 0.87839305]
[1 0],[0.87979555 0.1202044 ]
[0 1],[0.1209273 0.8790727]
[0 1],[0.12239531 0.87760466]
[1 0],[0.8797025  0.12029751]
[0 1],[0.12247767 0.87752235]
[1 0],[0.87240946 0.12759057]
[0 1],[0.1216794 0.8783206]
[1 0],[0.8788001  0.12119998]
[0 1],[0.12167823 0.87832177]
[0 1],[0.12180108 0.8781989 ]
[1 0],[0.871352   0.12864797]
[1 0],[0.87977225 0.12022775]
[0 1],[0.12135012 0.87864983]
[1 0],[0.8797987  0.12020127]
[0 1],[0.12192762 0.8780723 ]
[1 0],[0.879799   0.12020101]
[0 1],[0.12193991 0.8780601 ]
[1 0],[0.8798002  0.12019977]
[1 0],[0.87936985 0.12063011]
[0 1],[0.12164623 0.8783538 ]
[0 1],[0.32172954 0.6782705 ]
[0 1],[0.12130213 0.8786979 ]
[1 0],[0.87862194 0.12137799]
[0 1],[0.12455946 0.87544054]
[1 0],[0.8794351  0.12056493]
[0 1],[0.12824461 0.8717554 ]
[1 0],[0.8597769  0.14022309]
[0 1],[0.12187476 0.8781253 ]
[1 0],[0.8713142  0.12868577]
[1 0],[0.87979966 0.12020031]
[1 0],[0.86665654 0.13334338]
[1 0],[0.879167   0.12083302]
[0 1],[0.12096422 0.8790357 ]
[1 0],[0.87903607 0.12096388]
[0 1],[0.123806 0.876194]
[1 0],[0.128232   0.87176806]
[0 1],[0.12094123 0.8790588 ]
[1 0],[0.8773991  0.12260096]
[0 1],[0.12287164 0.8771283 ]
[1 0],[0.8672558  0.13274418]
[0 1],[0.12091706 0.879083  ]
[1 0],[0.8795277  0.12047229]
[0 1],[0.12727894 0.8727211 ]
[1 0],[0.8795875 0.1204126]
[0 1],[0.12132204 0.8786779 ]
[0 1],[0.15228362 0.8477164 ]
[0 1],[0.12152667 0.87847334]
[0 1],[0.1210974 0.8789026]
[1 0],[0.8787244  0.12127564]
[0 1],[0.12182827 0.87817174]
[1 0],[0.879708   0.12029202]
[1 0],[0.8798     0.12019996]
[0 1],[0.71556777 0.28443223]
[1 0],[0.8754794  0.12452057]
[1 0],[0.87917984 0.12082016]
[0 1],[0.5087437 0.4912563]
[1 0],[0.8708452  0.12915483]
[1 0],[0.87320125 0.12679873]
[1 0],[0.87971956 0.12028042]
[0 1],[0.12201018 0.8779898 ]
[1 0],[0.8796914  0.12030855]
[0 1],[0.12117798 0.87882197]
[0 1],[0.12159481 0.8784052 ]
[1 0],[0.87978625 0.1202137 ]
[1 0],[0.8657809  0.13421915]
[0 1],[0.12092034 0.87907964]
[0 1],[0.14566657 0.85433346]
[0 1],[0.12116149 0.8788385 ]
[0 1],[0.12229969 0.87770027]
[1 0],[0.8752068  0.12479313]
[0 1],[0.12169956 0.8783004 ]
[1 0],[0.8798     0.12019994]
[0 1],[0.12103911 0.8789609 ]
[1 0],[0.87979865 0.12020138]
[0 1],[0.87399894 0.12600105]
[1 0],[0.87189174 0.12810831]
[1 0],[0.8658614  0.13413864]
[0 1],[0.12126376 0.87873626]
[1 0],[0.87908417 0.12091587]
[0 1],[0.1327389 0.8672611]
[1 0],[0.8798007  0.12019932]
[0 1],[0.12294608 0.87705386]
[0 1],[0.13750197 0.8624981 ]
[0 1],[0.19144225 0.80855775]
[0 1],[0.120924 0.879076]
[1 0],[0.87910795 0.120892  ]
[0 1],[0.12093291 0.8790671 ]
[1 0],[0.8797418  0.12025819]
[1 0],[0.87979966 0.12020031]
[0 1],[0.1244518 0.8755482]
[0 1],[0.12137486 0.8786251 ]
[1 0],[0.87034374 0.12965623]
[1 0],[0.87894446 0.12105551]
[0 1],[0.5953613  0.40463868]
[1 0],[0.8665484  0.13345163]
[0 1],[0.13519579 0.8648042 ]
[1 0],[0.86495805 0.13504194]
[1 0],[0.8797977  0.12020226]
[0 1],[0.1242239  0.87577605]
[0 1],[0.12131516 0.8786848 ]
[1 0],[0.87955666 0.12044331]
[1 0],[0.8797666  0.12023345]
[0 1],[0.12394966 0.87605035]
[1 0],[0.8798001  0.12019993]
[0 1],[0.13071163 0.86928844]
[1 0],[0.8798009  0.12019911]
[1 0],[0.87979513 0.12020493]
[1 0],[0.8698934  0.13010663]
[0 1],[0.12449539 0.8755046 ]
[1 0],[0.8386723  0.16132773]
[0 1],[0.14368579 0.8563142 ]
[1 0],[0.87625015 0.12374986]
[0 1],[0.12092463 0.87907535]
[1 0],[0.8797415  0.12025844]
[1 0],[0.8579499  0.14205009]
[1 0],[0.87980056 0.12019946]
[0 1],[0.1551512  0.84484875]
[1 0],[0.8719307  0.12806936]
[0 1],[0.12093426 0.87906575]
[1 0],[0.8705274  0.12947264]
[0 1],[0.12317694 0.876823  ]
[1 0],[0.87979484 0.12020522]
[0 1],[0.12092688 0.87907314]
[1 0],[0.8797955  0.12020453]
[1 0],[0.87979984 0.12020017]
[1 0],[0.8791914  0.12080856]
[0 1],[0.1220711 0.8779289]
[0 1],[0.12092303 0.879077  ]
[1 0],[0.8595021  0.14049795]
[1 0],[0.8797952  0.12020483]
[1 0],[0.13122958 0.8687704 ]
[0 1],[0.12346122 0.8765388 ]
[1 0],[0.87913966 0.12086041]
[0 1],[0.12094374 0.8790563 ]
[1 0],[0.87946147 0.12053855]
[0 1],[0.12205422 0.8779458 ]
[1 0],[0.8797967  0.12020329]
[0 1],[0.12138159 0.87861836]
[1 0],[0.6732448  0.32675526]
[0 1],[0.1209255 0.8790745]
[0 1],[0.12380259 0.8761974 ]
[1 0],[0.8797398  0.12026019]
[0 1],[0.1241267  0.87587327]
[1 0],[0.8797872 0.1202128]
[0 1],[0.12179349 0.87820655]
[1 0],[0.8794321  0.12056791]
[0 1],[0.87512285 0.12487715]
[0 1],[0.12253774 0.87746227]
[1 0],[0.86243236 0.13756762]
[0 1],[0.12383445 0.87616557]
[0 1],[0.1342939 0.8657061]
[1 0],[0.8767114  0.12328864]
[0 1],[0.12179302 0.878207  ]
[1 0],[0.8035968 0.1964032]
[0 1],[0.12231323 0.87768674]
[0 1],[0.12146743 0.8785325 ]
[1 0],[0.1315507  0.86844933]
[0 1],[0.12180104 0.8781989 ]
[1 0],[0.87979084 0.12020916]
[0 1],[0.1210315 0.8789685]
[1 0],[0.8455543  0.15444566]
[0 1],[0.12093141 0.8790686 ]
[0 1],[0.12152243 0.8784776 ]
[1 0],[0.8794135  0.12058657]
[0 1],[0.12172464 0.87827533]
[0 1],[0.12092639 0.87907356]
[1 0],[0.86659193 0.13340805]
[1 0],[0.86789024 0.13210978]
[0 1],[0.12152494 0.8784751 ]
[1 0],[0.8797657  0.12023433]
[0 1],[0.1213006 0.8786994]
[1 0],[0.879599   0.12040104]
[0 1],[0.47295466 0.52704537]
[1 0],[0.8758748  0.12412517]
[0 1],[0.12176497 0.87823504]
[1 0],[0.8798     0.12019999]
[0 1],[0.12120856 0.8787914 ]
[0 1],[0.13024375 0.8697563 ]
[0 1],[0.13206589 0.86793417]
[1 0],[0.12199672 0.87800324]
[0 1],[0.12832613 0.8716738 ]
[1 0],[0.8687295 0.1312706]
[0 1],[0.13462454 0.86537546]
[0 1],[0.12970053 0.8702995 ]
[0 1],[0.12183949 0.8781605 ]
[0 1],[0.12241507 0.87758493]
[1 0],[0.8791802 0.1208198]
[0 1],[0.12154354 0.8784564 ]
[0 1],[0.12116054 0.8788395 ]
[1 0],[0.87979513 0.12020491]
[0 1],[0.12092038 0.8790796 ]
[0 1],[0.12192652 0.87807345]
[1 0],[0.87979215 0.12020788]
[1 0],[0.87090135 0.12909864]
[0 1],[0.12307294 0.8769271 ]
[1 0],[0.8788     0.12119999]
[0 1],[0.12186516 0.87813485]
[1 0],[0.8795964  0.12040358]
[0 1],[0.12093163 0.8790683 ]
[0 1],[0.12091735 0.8790826 ]
[1 0],[0.86144257 0.13855745]
[0 1],[0.1212745 0.8787255]
[1 0],[0.8797921  0.12020791]
[0 1],[0.12117972 0.87882024]
[1 0],[0.8796966  0.12030344]
[1 0],[0.75482315 0.24517687]
[1 0],[0.8720307  0.12796935]
[1 0],[0.8795732  0.12042674]
[1 0],[0.8782441  0.12175593]
[0 1],[0.16614099 0.83385897]
[1 0],[0.8792767  0.12072331]
[0 1],[0.12435333 0.8756467 ]
[1 0],[0.8796674  0.12033253]
[0 1],[0.12172831 0.87827164]
[1 0],[0.87061745 0.12938258]
[0 1],[0.1221246  0.87787545]
[1 0],[0.8791809  0.12081914]
[1 0],[0.87979865 0.12020134]
[0 1],[0.12115651 0.87884355]
[1 0],[0.8797945  0.12020557]
[0 1],[0.12094455 0.87905544]
[1 0],[0.8794414  0.12055863]
[0 1],[0.15285836 0.8471416 ]
[1 0],[0.8793599  0.12064012]
[0 1],[0.12195673 0.8780433 ]
[1 0],[0.87979865 0.12020137]
[0 1],[0.12198034 0.8780197 ]
[0 1],[0.12133452 0.8786655 ]
[1 0],[0.8797965  0.12020347]
[0 1],[0.12319628 0.8768037 ]
[1 0],[0.879799   0.12020104]
[0 1],[0.12116215 0.8788379 ]
[0 1],[0.12672411 0.8732759 ]
[1 0],[0.87393415 0.1260659 ]
[0 1],[0.13979937 0.86020064]
[0 1],[0.12644954 0.8735505 ]
[0 1],[0.12109709 0.8789029 ]
[1 0],[0.87979853 0.12020142]
[0 1],[0.12092198 0.87907803]
[0 1],[0.12092856 0.8790715 ]
[1 0],[0.8702461  0.12975387]
[1 0],[0.8796857  0.12031432]
[1 0],[0.86730117 0.13269882]
[1 0],[0.8797997  0.12020028]
[1 0],[0.8747431  0.12525691]
[0 1],[0.12325917 0.8767408 ]
[1 0],[0.87978756 0.12021247]
[0 1],[0.12118241 0.87881756]
[1 0],[0.87925214 0.12074781]
[0 1],[0.12127368 0.8787263 ]
[1 0],[0.8797523  0.12024771]
[0 1],[0.12286542 0.87713456]
[1 0],[0.8654522  0.13454783]
[0 1],[0.12612683 0.8738731 ]
[1 0],[0.8798002  0.12019985]
[0 1],[0.2712403 0.7287597]
[1 0],[0.8785207  0.12147926]
[1 0],[0.87316436 0.12683558]
[0 1],[0.12140991 0.8785901 ]
[1 0],[0.873966 0.126034]
[0 1],[0.12122668 0.8787734 ]
[1 0],[0.8797962  0.12020373]
[0 1],[0.13861476 0.8613852 ]
[1 0],[0.8797965  0.12020352]
[0 1],[0.12127654 0.8787235 ]
[1 0],[0.879794   0.12020599]
[1 0],[0.8426602  0.15733986]
[0 1],[0.14989945 0.8501006 ]
[1 0],[0.8793076  0.12069239]
[1 0],[0.8655487  0.13445134]
[0 1],[0.15065174 0.8493482 ]
[1 0],[0.87208754 0.12791246]
[0 1],[0.1263725 0.8736275]
[0 1],[0.13072684 0.8692732 ]
[1 0],[0.8797847  0.12021526]
[1 0],[0.204123 0.795877]
[0 1],[0.12185203 0.878148  ]
[0 1],[0.1244517 0.8755483]
[0 1],[0.12254015 0.8774598 ]
[1 0],[0.8797967  0.12020335]
[0 1],[0.12156037 0.8784396 ]
[1 0],[0.87283355 0.12716645]
[0 1],[0.12256431 0.8774357 ]
[1 0],[0.8795431  0.12045693]
[0 1],[0.12129513 0.8787049 ]
[0 1],[0.13628472 0.86371523]
[1 0],[0.8793311  0.12066881]
[0 1],[0.12094305 0.87905693]
[1 0],[0.86749756 0.1325024 ]
[0 1],[0.12131813 0.8786819 ]
[1 0],[0.8775265  0.12247347]
[1 0],[0.87922055 0.12077948]
[0 1],[0.12453284 0.8754671 ]
[1 0],[0.8674163  0.13258366]
[1 0],[0.87979597 0.120204  ]
[0 1],[0.12095008 0.8790499 ]
[1 0],[0.8794468  0.12055317]
[0 1],[0.12122133 0.8787787 ]
[0 1],[0.12111883 0.87888116]
[0 1],[0.12322761 0.87677234]
[1 0],[0.8694521  0.13054785]
[1 0],[0.87944984 0.12055012]
[0 1],[0.12210957 0.8778904 ]
[1 0],[0.879798   0.12020198]
[0 1],[0.12105631 0.8789437 ]
[1 0],[0.87872154 0.12127851]
[0 1],[0.12851098 0.871489  ]
[1 0],[0.87952334 0.12047666]
[0 1],[0.12166363 0.8783364 ]
[0 1],[0.12128043 0.8787195 ]
[1 0],[0.87979823 0.12020173]
[0 1],[0.8784708  0.12152923]
[1 0],[0.87979597 0.12020405]
[1 0],[0.8713864  0.12861355]
[1 0],[0.86688244 0.13311754]
[0 1],[0.12726648 0.87273353]
[1 0],[0.8795196  0.12048042]
[0 1],[0.12768823 0.8723118 ]
[1 0],[0.8795523  0.12044768]
[0 1],[0.12276283 0.8772372 ]
[0 1],[0.12518197 0.874818  ]
[1 0],[0.8795128  0.12048724]
[1 0],[0.879592 0.120408]
[1 0],[0.8790641  0.12093593]
[0 1],[0.12109271 0.8789073 ]
[1 0],[0.8797994  0.12020049]
[1 0],[0.13812171 0.8618783 ]
[1 0],[0.8797935  0.12020651]
[0 1],[0.12323274 0.87676734]
[1 0],[0.8785715  0.12142842]
[0 1],[0.1213589 0.8786411]
[1 0],[0.879797   0.12020304]
[1 0],[0.87960565 0.12039435]
