[1 0],[0.8734969  0.12650311]
[0 1],[0.1281925  0.87180746]
[1 0],[0.8662718  0.13372818]
[0 1],[0.12870759 0.8712924 ]
[0 1],[0.12765202 0.87234795]
[0 1],[0.13079372 0.86920625]
[1 0],[0.8734962  0.12650385]
[0 1],[0.12832734 0.87167263]
[1 0],[0.8534636  0.14653644]
[1 0],[0.8735019  0.12649816]
[0 1],[0.12813799 0.871862  ]
[0 1],[0.12766689 0.8723331 ]
[0 1],[0.12768742 0.8723126 ]
[1 0],[0.8735036  0.12649642]
[1 0],[0.8734962  0.12650391]
[0 1],[0.12781376 0.87218624]
[0 1],[0.128066   0.87193406]
[0 1],[0.12973528 0.8702647 ]
[1 0],[0.8553684  0.14463158]
[0 1],[0.12886265 0.8711373 ]
[1 0],[0.87349725 0.12650278]
[0 1],[0.12881993 0.8711801 ]
[0 1],[0.12964925 0.8703508 ]
[1 0],[0.1294042 0.8705959]
[0 1],[0.13388637 0.86611366]
[1 0],[0.8735059  0.12649415]
[0 1],[0.12836747 0.8716325 ]
[1 0],[0.85370797 0.14629199]
[0 1],[0.12965405 0.8703459 ]
[1 0],[0.13452996 0.86547005]
[1 0],[0.87350094 0.12649901]
[1 0],[0.85073596 0.149264  ]
[1 0],[0.8540024  0.14599757]
[1 0],[0.8731403  0.12685968]
[0 1],[0.12826055 0.8717394 ]
[0 1],[0.12907635 0.8709237 ]
[1 0],[0.8658007  0.13419929]
[0 1],[0.12798159 0.87201846]
[0 1],[0.12798937 0.87201065]
[1 0],[0.873177   0.12682296]
[1 0],[0.8642536  0.13574639]
[1 0],[0.8733239  0.12667604]
[0 1],[0.12853359 0.87146646]
[1 0],[0.8734803  0.12651971]
[0 1],[0.13059516 0.8694048 ]
[1 0],[0.87322265 0.12677737]
[0 1],[0.12801456 0.87198544]
[1 0],[0.864601 0.135399]
[0 1],[0.13153084 0.8684692 ]
[1 0],[0.87026215 0.12973791]
[0 1],[0.12797806 0.872022  ]
[1 0],[0.8731312  0.12686883]
[0 1],[0.13032578 0.8696742 ]
[1 0],[0.87349916 0.12650086]
[0 1],[0.1286495 0.8713505]
[0 1],[0.12767875 0.8723212 ]
[1 0],[0.87264305 0.12735695]
[0 1],[0.12766354 0.87233645]
[1 0],[0.87280524 0.12719479]
[1 0],[0.8729386  0.12706146]
[1 0],[0.8655379 0.1344621]
[1 0],[0.8734966  0.12650338]
[0 1],[0.1315928  0.86840725]
[0 1],[0.12842445 0.87157553]
[1 0],[0.85354596 0.14645402]
[0 1],[0.13624728 0.8637528 ]
[1 0],[0.13759999 0.8624    ]
[0 1],[0.12851992 0.8714801 ]
[0 1],[0.12847243 0.87152755]
[1 0],[0.87350386 0.1264961 ]
[1 0],[0.87350297 0.12649705]
[1 0],[0.872954   0.12704599]
[0 1],[0.1870536  0.81294644]
[1 0],[0.87349486 0.12650512]
[0 1],[0.13365462 0.86634535]
[1 0],[0.8635042  0.13649577]
[0 1],[0.13193102 0.868069  ]
[1 0],[0.8735027  0.12649728]
[0 1],[0.12845312 0.87154686]
[1 0],[0.87301695 0.12698306]
[0 1],[0.47208694 0.5279131 ]
[1 0],[0.87297857 0.1270214 ]
[0 1],[0.12784718 0.8721528 ]
[0 1],[0.12832883 0.8716712 ]
[1 0],[0.8734725  0.12652752]
[0 1],[0.12960275 0.8703972 ]
[1 0],[0.8734115  0.12658855]
[0 1],[0.12881027 0.8711897 ]
[1 0],[0.8734994  0.12650053]
[0 1],[0.14448741 0.85551256]
[1 0],[0.8725367  0.12746328]
[0 1],[0.12765749 0.8723425 ]
[0 1],[0.12767853 0.8723215 ]
[1 0],[0.8545185  0.14548157]
[1 0],[0.8731741 0.1268259]
[0 1],[0.12888835 0.87111163]
[1 0],[0.8729044  0.12709554]
[0 1],[0.12822963 0.8717704 ]
[0 1],[0.12791532 0.8720847 ]
[1 0],[0.8712643  0.12873578]
[0 1],[0.12782577 0.8721742 ]
[1 0],[0.87349904 0.12650093]
[0 1],[0.12812927 0.8718707 ]
[1 0],[0.87260205 0.127398  ]
[0 1],[0.13164295 0.86835706]
[1 0],[0.8689438  0.13105619]
[0 1],[0.12822579 0.8717742 ]
[0 1],[0.12825014 0.8717498 ]
[1 0],[0.8734452  0.12655482]
[0 1],[0.13064574 0.86935425]
[1 0],[0.8735033  0.12649664]
[0 1],[0.12884477 0.8711552 ]
[1 0],[0.8685743 0.1314257]
[0 1],[0.12825446 0.87174547]
[1 0],[0.8733841  0.12661588]
[0 1],[0.12789667 0.8721034 ]
[1 0],[0.8729271  0.12707287]
[0 1],[0.12767172 0.8723283 ]
[1 0],[0.8735049  0.12649508]
[0 1],[0.12769409 0.87230587]
[1 0],[0.8496113  0.15038876]
[0 1],[0.13202691 0.86797315]
[1 0],[0.8541466  0.14585344]
[0 1],[0.12784773 0.87215227]
[0 1],[0.12785931 0.87214065]
[0 1],[0.12839925 0.87160075]
[1 0],[0.8581631 0.1418369]
[0 1],[0.13104235 0.8689577 ]
[1 0],[0.8505544  0.14944567]
[0 1],[0.12766221 0.8723378 ]
[1 0],[0.8666932  0.13330679]
[1 0],[0.855708   0.14429207]
[1 0],[0.8535728  0.14642717]
[0 1],[0.12855569 0.8714443 ]
[1 0],[0.8701554  0.12984453]
[1 0],[0.8686438  0.13135616]
[0 1],[0.1284472 0.8715528]
[0 1],[0.12796888 0.8720311 ]
[1 0],[0.8702213  0.12977871]
[0 1],[0.12766169 0.87233835]
[1 0],[0.87350535 0.12649466]
[1 0],[0.87065446 0.12934546]
[1 0],[0.8735009  0.12649915]
[1 0],[0.86246943 0.13753054]
[0 1],[0.12982947 0.8701705 ]
[1 0],[0.8655244  0.13447557]
[0 1],[0.12765831 0.8723417 ]
[1 0],[0.87062186 0.12937811]
[1 0],[0.87350535 0.12649463]
[0 1],[0.12850228 0.8714977 ]
[1 0],[0.873504   0.12649609]
[0 1],[0.13663973 0.8633603 ]
[1 0],[0.87293166 0.12706828]
[1 0],[0.8668745  0.13312545]
[0 1],[0.12851408 0.87148595]
[0 1],[0.12848353 0.8715164 ]
[1 0],[0.865729   0.13427106]
[1 0],[0.8728942  0.12710579]
[0 1],[0.13169827 0.8683018 ]
[1 0],[0.8735054  0.12649456]
[0 1],[0.13465223 0.8653478 ]
[1 0],[0.86893797 0.13106206]
[1 0],[0.8647299  0.13527015]
[0 1],[0.12773813 0.8722619 ]
[1 0],[0.855509   0.14449094]
[1 0],[0.8726239  0.12737605]
[0 1],[0.12810884 0.8718912 ]
[1 0],[0.8728144  0.12718555]
[0 1],[0.12786579 0.8721342 ]
[0 1],[0.12832859 0.8716714 ]
[1 0],[0.8733912  0.12660879]
[0 1],[0.12840047 0.8715995 ]
[1 0],[0.8730827 0.1269173]
[0 1],[0.22546223 0.77453774]
[1 0],[0.87288743 0.1271126 ]
[0 1],[0.12807955 0.87192047]
[1 0],[0.8551868  0.14481314]
[0 1],[0.12840149 0.8715985 ]
[1 0],[0.866974   0.13302605]
[1 0],[0.8735044  0.12649557]
[0 1],[0.12855783 0.8714422 ]
[0 1],[0.12826921 0.8717308 ]
[1 0],[0.83352184 0.16647819]
[0 1],[0.13317782 0.8668221 ]
[1 0],[0.8689466  0.13105337]
[1 0],[0.867163   0.13283701]
[0 1],[0.12795736 0.87204266]
[0 1],[0.12904269 0.8709573 ]
[1 0],[0.8662727  0.13372731]
[0 1],[0.12812181 0.8718782 ]
[1 0],[0.8622941  0.13770597]
[0 1],[0.12828444 0.8717156 ]
[1 0],[0.84861505 0.15138496]
[0 1],[0.1284408  0.87155914]
[1 0],[0.86976695 0.13023305]
[0 1],[0.8558638  0.14413618]
[1 0],[0.84898967 0.15101032]
[0 1],[0.8605609  0.13943915]
[1 0],[0.86694306 0.13305695]
[1 0],[0.8735013  0.12649862]
[0 1],[0.1304703 0.8695296]
[0 1],[0.15979 0.84021]
[1 0],[0.8664505  0.13354956]
[0 1],[0.13041474 0.8695853 ]
[1 0],[0.8728196  0.12718043]
[0 1],[0.12873814 0.8712619 ]
[1 0],[0.87350214 0.1264979 ]
[1 0],[0.8552483  0.14475174]
[0 1],[0.12768574 0.8723142 ]
[1 0],[0.8728651  0.12713487]
[0 1],[0.12805767 0.8719423 ]
[0 1],[0.12850091 0.8714991 ]
[1 0],[0.866377   0.13362297]
[0 1],[0.1276717 0.8723283]
[1 0],[0.87268984 0.12731019]
[1 0],[0.8734943  0.12650567]
[1 0],[0.8643683  0.13563164]
[1 0],[0.87350535 0.12649463]
[0 1],[0.13360791 0.86639214]
[0 1],[0.128787 0.871213]
[0 1],[0.12838244 0.87161756]
[0 1],[0.13102308 0.86897695]
[0 1],[0.13026838 0.86973155]
[0 1],[0.13083592 0.8691641 ]
[1 0],[0.87327474 0.1267253 ]
[0 1],[0.12812808 0.8718719 ]
[1 0],[0.86724675 0.1327533 ]
[0 1],[0.13534898 0.864651  ]
[1 0],[0.87350124 0.12649871]
[0 1],[0.12965892 0.87034106]
[1 0],[0.86969954 0.13030042]
[1 0],[0.8579007  0.14209925]
[0 1],[0.13014762 0.8698524 ]
[1 0],[0.852768   0.14723198]
[1 0],[0.8730815  0.12691855]
[0 1],[0.12786381 0.8721362 ]
[1 0],[0.87350434 0.1264957 ]
[1 0],[0.87350196 0.12649803]
[0 1],[0.1276762 0.8723238]
[1 0],[0.87350345 0.12649658]
[1 0],[0.86524093 0.13475898]
[0 1],[0.1279661  0.87203395]
[1 0],[0.86895674 0.13104323]
[0 1],[0.12840687 0.8715931 ]
[1 0],[0.87350005 0.12649995]
[0 1],[0.13390361 0.86609644]
[1 0],[0.86501217 0.1349878 ]
[1 0],[0.87350124 0.12649876]
[0 1],[0.1284169 0.8715831]
[1 0],[0.87343484 0.12656511]
[0 1],[0.1282699 0.8717301]
[1 0],[0.367174   0.63282603]
[0 1],[0.13220012 0.8677998 ]
[1 0],[0.8729217  0.12707832]
[0 1],[0.1277371 0.8722629]
[1 0],[0.87349504 0.1265049 ]
[0 1],[0.1277674 0.8722326]
[0 1],[0.127659 0.872341]
[1 0],[0.8629344  0.13706557]
[0 1],[0.12803389 0.8719661 ]
[1 0],[0.8561612  0.14383887]
[0 1],[0.86053216 0.13946784]
[1 0],[0.873019   0.12698102]
[0 1],[0.12856553 0.8714345 ]
[1 0],[0.8731683  0.12683168]
[0 1],[0.12810056 0.8718994 ]
[1 0],[0.8580663 0.1419337]
[0 1],[0.13071847 0.8692816 ]
[1 0],[0.87350196 0.12649806]
[0 1],[0.12823239 0.8717676 ]
[1 0],[0.8658796 0.1341204]
[0 1],[0.1276654  0.87233466]
[1 0],[0.8732111  0.12678888]
[1 0],[0.8548717  0.14512831]
[1 0],[0.8511654  0.14883456]
[0 1],[0.13114837 0.86885166]
[0 1],[0.12985007 0.8701499 ]
[1 0],[0.86880594 0.13119407]
[1 0],[0.8702243  0.12977569]
[0 1],[0.12837791 0.8716221 ]
[1 0],[0.87347496 0.12652509]
[0 1],[0.12781945 0.8721805 ]
[1 0],[0.8658941  0.13410588]
[0 1],[0.12836851 0.8716315 ]
[1 0],[0.8729828  0.12701719]
[0 1],[0.12833445 0.8716656 ]
[0 1],[0.12852526 0.8714748 ]
[1 0],[0.8726684  0.12733155]
[0 1],[0.12862162 0.87137836]
[1 0],[0.85911053 0.14088947]
[0 1],[0.13327993 0.86672   ]
[1 0],[0.8630341  0.13696587]
[0 1],[0.12854671 0.87145334]
[1 0],[0.87346834 0.12653168]
[0 1],[0.12766133 0.87233865]
[1 0],[0.86233556 0.13766447]
[0 1],[0.1277129 0.8722871]
[1 0],[0.87289953 0.12710044]
[1 0],[0.86904997 0.13095006]
[0 1],[0.12802802 0.871972  ]
[0 1],[0.12788692 0.87211305]
[1 0],[0.8630029  0.13699712]
[1 0],[0.8734829  0.12651712]
[0 1],[0.12766631 0.87233365]
[0 1],[0.12766604 0.872334  ]
[0 1],[0.13212395 0.86787605]
[1 0],[0.87349623 0.12650377]
[0 1],[0.12837476 0.8716253 ]
[1 0],[0.87349814 0.12650186]
[0 1],[0.13036358 0.8696365 ]
[0 1],[0.13040757 0.8695925 ]
[1 0],[0.8666287  0.13337131]
[1 0],[0.8734969  0.12650308]
[1 0],[0.87349296 0.12650707]
[0 1],[0.12794292 0.872057  ]
[0 1],[0.12802534 0.87197465]
[1 0],[0.8734987  0.12650134]
[0 1],[0.12861124 0.8713888 ]
[1 0],[0.8732988  0.12670119]
[1 0],[0.87349916 0.12650087]
[0 1],[0.12767084 0.8723292 ]
[0 1],[0.12831773 0.8716822 ]
[1 0],[0.8722148  0.12778516]
[0 1],[0.12856998 0.87143   ]
[1 0],[0.87340784 0.12659214]
[0 1],[0.12809382 0.8719061 ]
[1 0],[0.8727384  0.12726164]
[1 0],[0.86855    0.13144997]
[0 1],[0.12807027 0.8719297 ]
[1 0],[0.87156725 0.12843275]
[0 1],[0.12794957 0.8720504 ]
[0 1],[0.12867819 0.8713218 ]
[1 0],[0.8734966  0.12650338]
[0 1],[0.1281485 0.8718515]
[1 0],[0.83925027 0.1607497 ]
[1 0],[0.873499   0.12650104]
[0 1],[0.12803401 0.87196606]
[1 0],[0.8662212  0.13377886]
[0 1],[0.12845217 0.8715479 ]
[0 1],[0.13644478 0.8635552 ]
[0 1],[0.12813821 0.8718618 ]
[1 0],[0.8576557 0.1423443]
[0 1],[0.13093983 0.8690601 ]
[1 0],[0.866803   0.13319707]
[0 1],[0.1351998 0.8648002]
[1 0],[0.85639167 0.14360839]
[0 1],[0.12813917 0.8718608 ]
[1 0],[0.8697853  0.13021463]
[0 1],[0.12844726 0.87155277]
[0 1],[0.13243122 0.86756885]
[1 0],[0.8735046  0.12649536]
[1 0],[0.8510571  0.14894292]
[0 1],[0.13084541 0.8691546 ]
[1 0],[0.8729335 0.1270665]
[0 1],[0.12766115 0.8723389 ]
[1 0],[0.873046   0.12695403]
[0 1],[0.16231856 0.8376814 ]
[1 0],[0.8687497  0.13125029]
[0 1],[0.12766385 0.87233615]
[1 0],[0.8659341  0.13406594]
[0 1],[0.13422176 0.8657782 ]
[1 0],[0.7715544  0.22844559]
[0 1],[0.12820138 0.87179863]
[1 0],[0.87350315 0.1264968 ]
[1 0],[0.872953   0.12704696]
[0 1],[0.12825684 0.87174314]
[1 0],[0.8732523 0.1267477]
[1 0],[0.873499   0.12650101]
[0 1],[0.14959311 0.8504069 ]
[1 0],[0.87128615 0.12871382]
[0 1],[0.128861   0.87113905]
[1 0],[0.8725944  0.12740557]
[1 0],[0.8730618  0.12693824]
[1 0],[0.8696928  0.13030717]
[1 0],[0.8688197  0.13118033]
[0 1],[0.12765281 0.8723472 ]
[1 0],[0.8734108  0.12658918]
[0 1],[0.12849657 0.8715034 ]
[1 0],[0.87289506 0.12710494]
[0 1],[0.13311931 0.8668807 ]
[1 0],[0.8734279  0.12657212]
[0 1],[0.12817939 0.87182057]
[0 1],[0.12817807 0.87182194]
[1 0],[0.85127276 0.14872721]
[0 1],[0.12768444 0.8723156 ]
[0 1],[0.12803258 0.8719674 ]
[0 1],[0.12806883 0.87193114]
[1 0],[0.8584607  0.14153925]
[1 0],[0.8734992  0.12650073]
[0 1],[0.12772925 0.87227076]
[1 0],[0.8735019  0.12649812]
[0 1],[0.83843833 0.16156171]
[0 1],[0.13238534 0.8676147 ]
[1 0],[0.85178024 0.14821973]
[0 1],[0.12784997 0.87215006]
[1 0],[0.8730326  0.12696743]
[0 1],[0.1314193 0.8685807]
[1 0],[0.8735011  0.12649882]
[0 1],[0.12865853 0.87134147]
[0 1],[0.13612771 0.86387235]
[1 0],[0.86809963 0.13190034]
[0 1],[0.18743569 0.81256425]
[1 0],[0.8723573  0.12764269]
[0 1],[0.12766297 0.872337  ]
[0 1],[0.1276783  0.87232167]
[1 0],[0.8733483  0.12665167]
[1 0],[0.87350476 0.12649524]
[0 1],[0.13085105 0.8691489 ]
[1 0],[0.8730216  0.12697841]
[0 1],[0.12818067 0.8718193 ]
[0 1],[0.12916508 0.8708349 ]
[1 0],[0.8625478  0.13745217]
[0 1],[0.14797851 0.85202146]
[1 0],[0.8525657  0.14743428]
[0 1],[0.13495512 0.86504483]
[0 1],[0.12862165 0.87137836]
[1 0],[0.8735017  0.12649827]
[1 0],[0.87290335 0.12709668]
[0 1],[0.12791981 0.87208015]
[1 0],[0.86665326 0.13334677]
[0 1],[0.12771988 0.8722801 ]
[1 0],[0.87344646 0.12655349]
[0 1],[0.15114455 0.8488554 ]
[1 0],[0.87348986 0.12651008]
[0 1],[0.12768248 0.8723175 ]
[1 0],[0.87349826 0.12650172]
[1 0],[0.8735005  0.12649955]
[0 1],[0.13257577 0.8674242 ]
[0 1],[0.133193 0.866807]
[1 0],[0.840829   0.15917097]
[1 0],[0.87347186 0.12652811]
[1 0],[0.8667916  0.13320836]
[1 0],[0.87349916 0.12650086]
[0 1],[0.3498369 0.6501632]
[1 0],[0.8696799  0.13032013]
[1 0],[0.8543791  0.14562085]
[0 1],[0.12977709 0.8702229 ]
[0 1],[0.12767321 0.87232685]
[0 1],[0.12978728 0.87021273]
[1 0],[0.8734975  0.12650251]
[1 0],[0.8647365  0.13526352]
[0 1],[0.12926213 0.8707379 ]
[1 0],[0.8595757  0.14042428]
[0 1],[0.12766904 0.8723309 ]
[1 0],[0.8498123  0.15018766]
[0 1],[0.13312425 0.8668758 ]
[1 0],[0.8734916 0.1265084]
[0 1],[0.12771913 0.87228084]
[1 0],[0.12903865 0.8709613 ]
[1 0],[0.8730424  0.12695755]
[0 1],[0.1276808 0.8723192]
[0 1],[0.12820794 0.871792  ]
[1 0],[0.8735037 0.1264963]
[0 1],[0.12809953 0.87190044]
[0 1],[0.12798259 0.87201744]
[1 0],[0.8735044  0.12649556]
[0 1],[0.12969548 0.8703046 ]
[1 0],[0.87347287 0.12652712]
[0 1],[0.13150811 0.8684918 ]
[0 1],[0.12833409 0.87166595]
[1 0],[0.8731643  0.12683567]
[0 1],[0.12963404 0.870366  ]
[0 1],[0.861899   0.13810098]
[1 0],[0.85255307 0.14744692]
[0 1],[0.12974803 0.870252  ]
[1 0],[0.8723625  0.12763749]
[0 1],[0.13390164 0.8660984 ]
[1 0],[0.87165326 0.12834673]
[0 1],[0.12853216 0.8714678 ]
[1 0],[0.8643553  0.13564475]
[0 1],[0.12839018 0.8716098 ]
[0 1],[0.1319131 0.8680869]
[1 0],[0.87341356 0.12658647]
[0 1],[0.12770724 0.8722927 ]
[1 0],[0.8734886  0.12651142]
[0 1],[0.1279334  0.87206656]
[1 0],[0.8663305  0.13366954]
[0 1],[0.12831376 0.8716862 ]
[1 0],[0.87350196 0.126498  ]
[1 0],[0.8549298  0.14507017]
[0 1],[0.12861562 0.8713843 ]
[0 1],[0.12811284 0.8718872 ]
[1 0],[0.86832523 0.1316747 ]
[0 1],[0.16537382 0.83462626]
[1 0],[0.8735045  0.12649545]
[0 1],[0.1300787 0.8699213]
[1 0],[0.85511035 0.14488965]
[0 1],[0.13199268 0.86800724]
[1 0],[0.8659186  0.13408144]
[0 1],[0.13752188 0.86247814]
[1 0],[0.864304   0.13569601]
[0 1],[0.12825234 0.8717477 ]
[1 0],[0.8731361  0.12686391]
[0 1],[0.12794459 0.8720554 ]
[0 1],[0.12766199 0.872338  ]
[1 0],[0.85639    0.14360999]
[0 1],[0.12824872 0.87175125]
[0 1],[0.12829515 0.8717049 ]
[1 0],[0.8695625  0.13043742]
[0 1],[0.12829955 0.87170047]
[1 0],[0.864176   0.13582405]
[0 1],[0.12849504 0.87150496]
[1 0],[0.87331754 0.12668248]
[1 0],[0.87251353 0.12748641]
[0 1],[0.12808216 0.87191784]
[0 1],[0.1276614  0.87233853]
[1 0],[0.8735047  0.12649536]
[1 0],[0.87215793 0.12784207]
[0 1],[0.12837237 0.8716276 ]
[1 0],[0.858461   0.14153899]
[0 1],[0.12837023 0.87162983]
[1 0],[0.8628045  0.13719548]
[0 1],[0.8673614  0.13263851]
[1 0],[0.8732163  0.12678377]
[0 1],[0.13043062 0.86956936]
[1 0],[0.8693885  0.13061146]
[0 1],[0.1324574 0.8675426]
[1 0],[0.86334765 0.1366523 ]
[0 1],[0.16116254 0.8388375 ]
[1 0],[0.8640562  0.13594377]
[0 1],[0.13062035 0.8693797 ]
[1 0],[0.87349814 0.1265019 ]
[0 1],[0.15390483 0.84609514]
[1 0],[0.8727497  0.12725031]
[0 1],[0.12847278 0.8715272 ]
[1 0],[0.8487272  0.15127268]
[0 1],[0.12831818 0.8716818 ]
[1 0],[0.8681978  0.13180223]
[0 1],[0.12827241 0.8717275 ]
[1 0],[0.87311584 0.12688416]
[1 0],[0.8735063  0.12649369]
[0 1],[0.12810495 0.87189496]
[1 0],[0.87350345 0.12649652]
[0 1],[0.12767957 0.8723204 ]
[1 0],[0.8730928  0.12690729]
[0 1],[0.14169121 0.8583088 ]
[1 0],[0.86584324 0.1341567 ]
[0 1],[0.13000004 0.86999995]
[1 0],[0.87348723 0.1265128 ]
[1 0],[0.87349313 0.12650684]
[1 0],[0.87350035 0.1264997 ]
[1 0],[0.87350434 0.12649563]
[1 0],[0.8695283  0.13047172]
[0 1],[0.13733652 0.8626635 ]
[0 1],[0.128977 0.871023]
[1 0],[0.87349725 0.1265028 ]
[0 1],[0.12776639 0.87223357]
[1 0],[0.87349623 0.1265038 ]
[0 1],[0.12766488 0.8723351 ]
[1 0],[0.873504   0.12649606]
[0 1],[0.12766759 0.8723324 ]
[1 0],[0.86811066 0.13188933]
[0 1],[0.1429829  0.85701716]
[1 0],[0.8735058  0.12649421]
[0 1],[0.12770456 0.87229544]
[1 0],[0.8705185 0.1294815]
[0 1],[0.13126685 0.86873317]
[1 0],[0.87349784 0.12650211]
[0 1],[0.12804334 0.8719566 ]
[1 0],[0.8640181  0.13598189]
[0 1],[0.1278186 0.8721815]
[1 0],[0.8702313  0.12976879]
[0 1],[0.12776573 0.8722342 ]
[0 1],[0.12844636 0.87155366]
[0 1],[0.8595762  0.14042374]
[1 0],[0.867472   0.13252799]
[0 1],[0.12829328 0.8717067 ]
[1 0],[0.8730376  0.12696235]
[0 1],[0.1404888  0.85951126]
[1 0],[0.8729706  0.12702942]
[0 1],[0.13271378 0.8672862 ]
[0 1],[0.12790614 0.87209386]
[1 0],[0.85612047 0.14387958]
[0 1],[0.12821722 0.8717828 ]
[1 0],[0.87350196 0.12649806]
[0 1],[0.13317966 0.86682034]
[0 1],[0.12803058 0.8719694 ]
[1 0],[0.8490989  0.15090114]
[0 1],[0.13231122 0.8676887 ]
[1 0],[0.86658216 0.13341781]
[0 1],[0.1319714 0.8680286]
[1 0],[0.85516036 0.14483966]
[0 1],[0.14249913 0.8575009 ]
[0 1],[0.13002343 0.8699766 ]
[0 1],[0.13025881 0.8697412 ]
[1 0],[0.8735018  0.12649819]
[0 1],[0.15462796 0.845372  ]
[0 1],[0.13199118 0.8680088 ]
[1 0],[0.7073214  0.29267856]
[0 1],[0.12835047 0.87164956]
[1 0],[0.85407007 0.14592996]
[0 1],[0.12803882 0.8719611 ]
[1 0],[0.8698351  0.13016494]
[0 1],[0.12859218 0.8714078 ]
[0 1],[0.13542975 0.86457026]
[1 0],[0.8640018  0.13599823]
[0 1],[0.12808812 0.8719118 ]
[1 0],[0.8582683  0.14173174]
[1 0],[0.8734986  0.12650138]
[0 1],[0.12795997 0.87204003]
[1 0],[0.85330427 0.14669578]
[0 1],[0.12842716 0.87157285]
[1 0],[0.8735023 0.1264977]
[0 1],[0.12779444 0.87220556]
[1 0],[0.864836   0.13516398]
[0 1],[0.12776147 0.8722386 ]
[0 1],[0.12801526 0.8719847 ]
[0 1],[0.12905782 0.8709421 ]
[1 0],[0.8682916 0.1317084]
[0 1],[0.14290668 0.85709333]
[1 0],[0.86547744 0.13452259]
[0 1],[0.12837513 0.8716248 ]
[1 0],[0.87296337 0.12703659]
[0 1],[0.13187395 0.86812603]
[0 1],[0.12804635 0.8719536 ]
[1 0],[0.8735006  0.12649938]
[0 1],[0.12796387 0.8720361 ]
[1 0],[0.87350076 0.12649919]
[0 1],[0.21006028 0.7899397 ]
[1 0],[0.87348676 0.1265132 ]
[1 0],[0.86860543 0.13139457]
[0 1],[0.13143903 0.86856097]
[1 0],[0.87098986 0.12901016]
[0 1],[0.13051169 0.86948836]
[0 1],[0.13069145 0.86930853]
[1 0],[0.8672254  0.13277462]
[0 1],[0.12845147 0.8715486 ]
[1 0],[0.8735011  0.12649888]
[1 0],[0.86660516 0.13339485]
[0 1],[0.12923442 0.87076557]
[1 0],[0.87305385 0.1269461 ]
[1 0],[0.8734983 0.1265017]
[0 1],[0.13394132 0.8660587 ]
[1 0],[0.6800157 0.3199843]
[0 1],[0.12804651 0.87195355]
[1 0],[0.8734957  0.12650433]
[0 1],[0.12795123 0.8720488 ]
[1 0],[0.8734995  0.12650046]
[0 1],[0.12780057 0.8721994 ]
[1 0],[0.8680869  0.13191311]
