[1 0],[0.87982213 0.12017781]
[0 1],[0.12029231 0.87970775]
[0 1],[0.12029207 0.87970793]
[0 1],[0.12029202 0.87970793]
[0 1],[0.12029202 0.87970793]
[1 0],[0.8798213  0.12017865]
[0 1],[0.12029275 0.8797073 ]
[0 1],[0.12029205 0.87970793]
[1 0],[0.8798221  0.12017792]
[0 1],[0.12029205 0.87970793]
[0 1],[0.120292 0.879708]
[0 1],[0.12029204 0.87970793]
[1 0],[0.87982213 0.12017781]
[0 1],[0.12029228 0.87970775]
[1 0],[0.87982213 0.12017782]
[0 1],[0.12029165 0.8797083 ]
[0 1],[0.12029213 0.8797078 ]
[1 0],[0.87982213 0.12017782]
[1 0],[0.87982213 0.12017786]
[1 0],[0.87982213 0.12017781]
[1 0],[0.87982213 0.12017781]
[1 0],[0.87982213 0.12017782]
[0 1],[0.12029228 0.87970775]
[0 1],[0.12029202 0.87970793]
[1 0],[0.87982213 0.12017781]
[0 1],[0.12029218 0.8797078 ]
[0 1],[0.12029225 0.87970775]
[0 1],[0.12029205 0.87970793]
[0 1],[0.12029202 0.87970793]
[1 0],[0.87982196 0.12017803]
[1 0],[0.87982213 0.12017782]
[0 1],[0.12029254 0.87970746]
[0 1],[0.12029205 0.87970793]
[0 1],[0.12029213 0.87970793]
[0 1],[0.12029204 0.87970793]
[0 1],[0.12029239 0.87970763]
[1 0],[0.87982213 0.12017784]
[1 0],[0.87982213 0.12017781]
[1 0],[0.87982213 0.12017784]
[1 0],[0.87982213 0.12017786]
[1 0],[0.87982213 0.12017784]
[1 0],[0.8798214  0.12017859]
[1 0],[0.87982213 0.12017784]
[0 1],[0.12029348 0.87970656]
[0 1],[0.12029226 0.87970775]
[1 0],[0.87982213 0.12017782]
[0 1],[0.12029199 0.879708  ]
[0 1],[0.12029198 0.879708  ]
[1 0],[0.87982213 0.12017784]
[1 0],[0.87982213 0.12017784]
[0 1],[0.120292 0.879708]
[1 0],[0.8798221 0.1201779]
[1 0],[0.87982213 0.12017784]
[0 1],[0.12029207 0.87970793]
[0 1],[0.12029202 0.87970793]
[1 0],[0.87982213 0.12017781]
[0 1],[0.12029199 0.879708  ]
[1 0],[0.87982213 0.12017781]
[1 0],[0.87982213 0.12017789]
[0 1],[0.12029204 0.87970793]
[1 0],[0.8798221  0.12017797]
[1 0],[0.87982213 0.12017781]
[1 0],[0.87982213 0.12017784]
[1 0],[0.87982213 0.12017789]
[0 1],[0.12029226 0.87970775]
[1 0],[0.8798221 0.1201779]
[1 0],[0.8798214 0.1201786]
[1 0],[0.87982213 0.12017781]
[0 1],[0.12029211 0.87970793]
[0 1],[0.12029226 0.87970775]
[1 0],[0.87982213 0.12017784]
[0 1],[0.12029205 0.87970793]
[1 0],[0.87982213 0.12017789]
[1 0],[0.87982213 0.12017781]
[0 1],[0.12029202 0.87970793]
[1 0],[0.8798221 0.1201779]
[0 1],[0.120292 0.879708]
[0 1],[0.12029207 0.87970793]
[0 1],[0.12029202 0.87970793]
[1 0],[0.8798221 0.1201779]
[1 0],[0.87982213 0.12017781]
[0 1],[0.12029202 0.87970793]
[1 0],[0.87982213 0.12017782]
[0 1],[0.12029202 0.87970793]
[0 1],[0.12029215 0.8797078 ]
[1 0],[0.87982213 0.12017781]
[0 1],[0.12029204 0.87970793]
[1 0],[0.87982213 0.12017782]
[0 1],[0.12029202 0.87970793]
[0 1],[0.12029047 0.8797096 ]
[0 1],[0.12029226 0.87970775]
[0 1],[0.12029934 0.87970066]
[1 0],[0.87982213 0.12017786]
[0 1],[0.12029218 0.8797078 ]
[1 0],[0.87982213 0.12017781]
[1 0],[0.8798221  0.12017793]
[1 0],[0.87982213 0.12017781]
[0 1],[0.12029211 0.87970793]
[0 1],[0.12029204 0.87970793]
[1 0],[0.87982213 0.12017781]
[1 0],[0.87982213 0.12017789]
[1 0],[0.87982213 0.12017781]
[1 0],[0.87982213 0.12017784]
[0 1],[0.12029204 0.87970793]
[0 1],[0.12029202 0.87970793]
[1 0],[0.8798221  0.12017797]
[0 1],[0.12029207 0.87970793]
[0 1],[0.12029231 0.87970763]
[1 0],[0.87982213 0.12017784]
[1 0],[0.87982213 0.12017781]
[0 1],[0.12029207 0.87970793]
[1 0],[0.87982213 0.12017789]
[1 0],[0.8798219  0.12017817]
[1 0],[0.87982213 0.12017784]
[0 1],[0.12029202 0.87970793]
[0 1],[0.12029205 0.87970793]
[1 0],[0.87982213 0.12017782]
[0 1],[0.12029228 0.87970775]
[0 1],[0.12029213 0.87970793]
[1 0],[0.87982213 0.12017782]
[1 0],[0.87982213 0.12017782]
[1 0],[0.87982225 0.12017778]
[1 0],[0.87982213 0.12017782]
[0 1],[0.12029228 0.87970775]
[0 1],[0.12029199 0.879708  ]
[1 0],[0.87982213 0.12017781]
[1 0],[0.87982213 0.12017782]
[1 0],[0.87982213 0.12017781]
[1 0],[0.87982213 0.12017784]
[1 0],[0.87982213 0.12017782]
[0 1],[0.12029205 0.87970793]
[1 0],[0.8798221  0.12017797]
[0 1],[0.12029239 0.87970763]
[0 1],[0.12029205 0.87970793]
[1 0],[0.87982213 0.12017784]
[0 1],[0.12029228 0.87970775]
[1 0],[0.8798168  0.12018322]
[0 1],[0.12029205 0.87970793]
[0 1],[0.12029226 0.87970775]
[0 1],[0.12029476 0.87970525]
[1 0],[0.8798221 0.1201779]
[0 1],[0.12029193 0.8797081 ]
[0 1],[0.12029204 0.87970793]
[0 1],[0.12029235 0.87970763]
[1 0],[0.8798221 0.1201779]
[1 0],[0.87982213 0.12017781]
[0 1],[0.12029205 0.87970793]
[1 0],[0.87982213 0.12017789]
[1 0],[0.8798211  0.12017889]
[1 0],[0.87982213 0.12017784]
[0 1],[0.12029205 0.87970793]
[0 1],[0.12029204 0.87970793]
[1 0],[0.8798221 0.1201779]
[1 0],[0.8798221 0.1201779]
[1 0],[0.87982213 0.12017784]
[0 1],[0.12029207 0.87970793]
[0 1],[0.12029223 0.87970775]
[1 0],[0.87982213 0.12017784]
[0 1],[0.12029202 0.87970793]
[0 1],[0.12029226 0.87970775]
[0 1],[0.12029205 0.87970793]
[0 1],[0.12029202 0.87970793]
[1 0],[0.87982213 0.12017782]
[1 0],[0.87982213 0.12017781]
[0 1],[0.12029202 0.87970793]
[1 0],[0.87982213 0.12017781]
[0 1],[0.12029207 0.87970793]
[0 1],[0.12029205 0.87970793]
[0 1],[0.12029234 0.87970763]
[0 1],[0.12029198 0.879708  ]
[1 0],[0.8798221 0.1201779]
[0 1],[0.12029205 0.87970793]
[0 1],[0.12029202 0.87970793]
[0 1],[0.12029223 0.87970775]
[1 0],[0.8798221  0.12017792]
[0 1],[0.12029226 0.87970775]
[0 1],[0.12029202 0.87970793]
[0 1],[0.12029202 0.87970793]
[1 0],[0.8732222  0.12677781]
[0 1],[0.12029226 0.87970775]
[1 0],[0.87982213 0.12017781]
[0 1],[0.12040633 0.8795936 ]
[1 0],[0.87982213 0.12017782]
[1 0],[0.8798221  0.12017797]
[1 0],[0.8798221 0.1201779]
[0 1],[0.12029213 0.8797078 ]
[1 0],[0.8798219  0.12017814]
[1 0],[0.8798221 0.1201779]
[1 0],[0.87982213 0.12017781]
[1 0],[0.87982213 0.12017789]
[0 1],[0.12029219 0.8797078 ]
[1 0],[0.87982213 0.12017781]
[1 0],[0.8798221  0.12017795]
[0 1],[0.12029202 0.87970793]
[1 0],[0.87982213 0.12017784]
[1 0],[0.8798221 0.1201779]
[1 0],[0.87982213 0.12017784]
[1 0],[0.87982213 0.12017784]
[1 0],[0.8798221 0.1201779]
[0 1],[0.1202924 0.8797076]
[0 1],[0.12029204 0.87970793]
[1 0],[0.87982213 0.12017782]
[1 0],[0.87982213 0.12017781]
[1 0],[0.8798215  0.12017851]
[0 1],[0.12029202 0.87970793]
[0 1],[0.12029205 0.87970793]
[0 1],[0.12029223 0.87970775]
[0 1],[0.12029204 0.87970793]
[1 0],[0.87982213 0.12017782]
[0 1],[0.12029204 0.87970793]
[1 0],[0.87982213 0.12017782]
[0 1],[0.12029205 0.87970793]
[0 1],[0.12029206 0.87970793]
[0 1],[0.12029202 0.87970793]
[1 0],[0.8798219  0.12017811]
[1 0],[0.87982327 0.12017669]
[0 1],[0.12029207 0.87970793]
[1 0],[0.8798221 0.1201779]
[1 0],[0.87982213 0.12017781]
[0 1],[0.12029511 0.8797049 ]
[0 1],[0.12030253 0.8796975 ]
[0 1],[0.12029202 0.87970793]
[1 0],[0.87982213 0.12017781]
[0 1],[0.12029202 0.87970793]
[0 1],[0.12029228 0.87970775]
[1 0],[0.87982213 0.12017782]
[1 0],[0.87982213 0.12017784]
[1 0],[0.87982213 0.12017781]
[0 1],[0.12029205 0.87970793]
[1 0],[0.8798219  0.12017817]
[1 0],[0.87982213 0.12017784]
[0 1],[0.12029205 0.87970793]
[1 0],[0.87982213 0.12017784]
[1 0],[0.87981886 0.12018116]
[0 1],[0.12029202 0.87970793]
[1 0],[0.87982213 0.12017781]
[1 0],[0.87982213 0.12017781]
[0 1],[0.12029228 0.87970775]
[0 1],[0.12029204 0.87970793]
[0 1],[0.12029213 0.8797078 ]
[1 0],[0.8798221 0.1201779]
[1 0],[0.87982213 0.12017784]
[1 0],[0.8798221  0.12017793]
[1 0],[0.87982213 0.12017789]
[1 0],[0.87982213 0.12017782]
[1 0],[0.8798202  0.12017982]
[0 1],[0.12029228 0.87970775]
[1 0],[0.87982196 0.12017801]
[1 0],[0.87982213 0.12017789]
[0 1],[0.12029226 0.87970775]
[0 1],[0.12029202 0.87970793]
[0 1],[0.12029202 0.87970793]
[0 1],[0.12029166 0.8797084 ]
[1 0],[0.8798221 0.1201779]
[1 0],[0.87982213 0.12017781]
[0 1],[0.12029205 0.87970793]
[1 0],[0.87982213 0.12017782]
[0 1],[0.12029202 0.87970793]
[0 1],[0.12029073 0.8797093 ]
[1 0],[0.87982213 0.12017784]
[0 1],[0.12029204 0.87970793]
[0 1],[0.12029202 0.87970793]
[1 0],[0.87982213 0.12017784]
[0 1],[0.12029218 0.8797078 ]
[1 0],[0.8798221 0.1201779]
[0 1],[0.12029226 0.87970775]
[0 1],[0.12029202 0.87970793]
[1 0],[0.8798199 0.1201801]
[1 0],[0.8798221  0.12017793]
[1 0],[0.87982213 0.12017784]
[0 1],[0.12029189 0.8797081 ]
[1 0],[0.87982213 0.12017784]
[0 1],[0.12029205 0.87970793]
[0 1],[0.12029202 0.87970793]
[1 0],[0.87982213 0.12017782]
[0 1],[0.12029366 0.8797064 ]
[1 0],[0.87982225 0.12017777]
[1 0],[0.87982213 0.12017782]
[0 1],[0.12029202 0.87970793]
[0 1],[0.12029204 0.87970793]
[0 1],[0.120292 0.879708]
[0 1],[0.12029202 0.87970793]
[1 0],[0.87982213 0.12017789]
[1 0],[0.87982213 0.12017789]
[1 0],[0.8798221  0.12017792]
[1 0],[0.87982213 0.12017781]
[0 1],[0.12029206 0.87970793]
[0 1],[0.12029202 0.87970793]
[1 0],[0.87982213 0.12017784]
[0 1],[0.12029226 0.87970775]
[1 0],[0.87982213 0.12017781]
[0 1],[0.12029202 0.87970793]
[0 1],[0.12029228 0.87970775]
[1 0],[0.87982213 0.12017784]
[1 0],[0.8798221 0.1201779]
[0 1],[0.12029228 0.87970775]
[1 0],[0.8798219  0.12017809]
[0 1],[0.12029082 0.87970924]
[1 0],[0.87982213 0.12017781]
[0 1],[0.12029202 0.87970793]
[0 1],[0.12029206 0.87970793]
[0 1],[0.12029204 0.87970793]
[0 1],[0.12029231 0.87970775]
[1 0],[0.87982213 0.12017781]
[0 1],[0.12029215 0.8797078 ]
[0 1],[0.12029205 0.87970793]
[0 1],[0.12029202 0.87970793]
[0 1],[0.12029207 0.87970793]
[1 0],[0.87982213 0.12017787]
[0 1],[0.12029223 0.87970775]
[0 1],[0.12029205 0.87970793]
[0 1],[0.12029202 0.87970793]
[0 1],[0.120292 0.879708]
[1 0],[0.87982213 0.12017787]
[1 0],[0.8798193 0.1201807]
[1 0],[0.87982213 0.12017784]
[1 0],[0.87982213 0.12017789]
[1 0],[0.87982213 0.12017789]
[1 0],[0.87982213 0.12017782]
[1 0],[0.87982225 0.1201778 ]
[0 1],[0.1202923  0.87970775]
[1 0],[0.87982213 0.12017781]
[1 0],[0.87982213 0.12017784]
[0 1],[0.12029231 0.87970775]
[1 0],[0.87982213 0.12017781]
[0 1],[0.12029228 0.87970775]
[0 1],[0.12029202 0.87970793]
[1 0],[0.8798218  0.12017827]
[1 0],[0.87982213 0.12017784]
[1 0],[0.8798221 0.1201779]
[1 0],[0.8798221 0.1201779]
[0 1],[0.12029215 0.8797078 ]
[0 1],[0.12029354 0.87970644]
[1 0],[0.87982213 0.12017781]
[0 1],[0.12029234 0.87970763]
[0 1],[0.12029213 0.87970793]
[0 1],[0.12029219 0.8797078 ]
[1 0],[0.87982213 0.12017784]
[1 0],[0.8798221 0.1201779]
[0 1],[0.12029204 0.87970793]
[1 0],[0.87982213 0.12017789]
[0 1],[0.12029202 0.87970793]
[0 1],[0.12029202 0.87970793]
[1 0],[0.87982213 0.12017786]
[0 1],[0.12029211 0.87970793]
[1 0],[0.8798219 0.1201781]
[1 0],[0.87982213 0.12017781]
[0 1],[0.12029202 0.87970793]
[1 0],[0.87982213 0.12017782]
[1 0],[0.87982213 0.12017781]
[1 0],[0.8798214  0.12017856]
[0 1],[0.12029204 0.87970793]
[1 0],[0.8798221  0.12017795]
[0 1],[0.12029228 0.87970775]
[0 1],[0.12029205 0.87970793]
[1 0],[0.8798221 0.1201779]
[1 0],[0.87982213 0.12017787]
[1 0],[0.87982213 0.12017781]
[0 1],[0.120292 0.879708]
[0 1],[0.12029408 0.8797059 ]
[1 0],[0.87982213 0.12017781]
[1 0],[0.87982213 0.12017789]
[1 0],[0.8798221 0.1201779]
[1 0],[0.87982213 0.12017781]
[1 0],[0.87982213 0.12017789]
[1 0],[0.8798221  0.12017793]
[0 1],[0.12029202 0.87970793]
[1 0],[0.87981904 0.12018096]
[0 1],[0.12029228 0.87970775]
[1 0],[0.87982213 0.12017784]
[1 0],[0.87982213 0.12017784]
[0 1],[0.12029205 0.87970793]
[0 1],[0.12029211 0.87970793]
[1 0],[0.87982213 0.12017781]
[1 0],[0.87982213 0.12017789]
[1 0],[0.87982213 0.12017781]
[1 0],[0.8798219  0.12017814]
[1 0],[0.8798219  0.12017817]
[0 1],[0.12029192 0.8797081 ]
[0 1],[0.12029207 0.87970793]
[1 0],[0.87982213 0.12017781]
[0 1],[0.12029205 0.87970793]
[0 1],[0.12029202 0.879708  ]
[0 1],[0.12029207 0.87970793]
[1 0],[0.87982213 0.12017781]
[0 1],[0.12029228 0.87970775]
[0 1],[0.12030152 0.8796985 ]
[0 1],[0.12029176 0.87970823]
[1 0],[0.87982213 0.12017786]
[0 1],[0.12029228 0.87970775]
[0 1],[0.12029205 0.87970793]
[1 0],[0.87982213 0.12017784]
[0 1],[0.12029205 0.87970793]
[1 0],[0.8798221 0.1201779]
[1 0],[0.87982213 0.12017789]
[1 0],[0.87982213 0.12017786]
[0 1],[0.12029202 0.87970793]
[1 0],[0.8798221  0.12017797]
[1 0],[0.8798221 0.1201779]
[0 1],[0.12029211 0.87970793]
[0 1],[0.12029204 0.87970793]
[1 0],[0.87982213 0.12017784]
[1 0],[0.8798221 0.1201779]
[0 1],[0.12029199 0.879708  ]
[0 1],[0.12029206 0.87970793]
[0 1],[0.12029205 0.87970793]
[1 0],[0.87982213 0.12017784]
[1 0],[0.8798221  0.12017793]
[1 0],[0.87982213 0.12017781]
[0 1],[0.12029213 0.87970793]
[1 0],[0.87982213 0.12017787]
[0 1],[0.12029206 0.87970793]
[0 1],[0.12029198 0.879708  ]
[0 1],[0.12029202 0.87970793]
[0 1],[0.12029202 0.87970793]
[0 1],[0.12029202 0.87970793]
[1 0],[0.87982213 0.12017781]
[0 1],[0.12029228 0.87970775]
[1 0],[0.87982213 0.12017784]
[1 0],[0.87982213 0.12017781]
[1 0],[0.8798221 0.1201779]
[1 0],[0.8798221 0.1201779]
[0 1],[0.12029187 0.8797081 ]
[0 1],[0.12029202 0.87970793]
[0 1],[0.12029211 0.87970793]
[1 0],[0.87982213 0.12017784]
[1 0],[0.87982213 0.12017786]
[1 0],[0.87982213 0.12017784]
[1 0],[0.87982213 0.12017787]
[1 0],[0.87982213 0.12017781]
[1 0],[0.87982213 0.12017784]
[0 1],[0.12029204 0.87970793]
[1 0],[0.87982213 0.12017784]
[1 0],[0.8798221  0.12017793]
[0 1],[0.12029207 0.87970793]
[1 0],[0.87980103 0.12019896]
[0 1],[0.12029202 0.87970793]
[1 0],[0.8798221  0.12017797]
[0 1],[0.120292 0.879708]
[0 1],[0.12029202 0.87970793]
[0 1],[0.12029211 0.87970793]
[1 0],[0.8798221 0.1201779]
[1 0],[0.87982047 0.12017949]
[1 0],[0.8790279  0.12097211]
[0 1],[0.12029205 0.87970793]
[0 1],[0.12029254 0.87970746]
[0 1],[0.12029205 0.87970793]
[1 0],[0.87982213 0.12017786]
[1 0],[0.87982213 0.12017781]
[1 0],[0.87982213 0.12017787]
[0 1],[0.12029215 0.8797078 ]
[1 0],[0.87982213 0.12017781]
[0 1],[0.12029213 0.8797078 ]
[0 1],[0.12029202 0.87970793]
[0 1],[0.12029206 0.87970793]
[0 1],[0.12029202 0.879708  ]
[0 1],[0.12029213 0.8797078 ]
[1 0],[0.87982213 0.12017784]
[1 0],[0.87981945 0.12018055]
[1 0],[0.87982213 0.12017782]
[0 1],[0.12029213 0.87970793]
[0 1],[0.12029226 0.87970775]
[0 1],[0.12029228 0.87970775]
[1 0],[0.87982213 0.12017781]
[1 0],[0.8798221 0.1201779]
[0 1],[0.12029202 0.87970793]
[0 1],[0.12029202 0.87970793]
[0 1],[0.12029207 0.87970793]
[0 1],[0.12029228 0.87970775]
[0 1],[0.12029228 0.87970775]
[0 1],[0.12029202 0.87970793]
[0 1],[0.12029205 0.87970793]
[1 0],[0.87982196 0.12017798]
[1 0],[0.87982213 0.12017784]
[1 0],[0.8798209  0.12017915]
[1 0],[0.8798221  0.12017793]
[0 1],[0.12029205 0.87970793]
[0 1],[0.12029225 0.87970775]
[0 1],[0.12029205 0.87970793]
[0 1],[0.12029202 0.879708  ]
[1 0],[0.87982213 0.12017789]
[1 0],[0.87982213 0.12017786]
[1 0],[0.87982213 0.12017781]
[0 1],[0.12029202 0.87970793]
[1 0],[0.87982213 0.12017789]
[0 1],[0.12029205 0.87970793]
[1 0],[0.8798218  0.12017827]
[0 1],[0.12029266 0.8797074 ]
[1 0],[0.87982213 0.12017781]
[1 0],[0.87982213 0.12017781]
[0 1],[0.12029202 0.87970793]
[0 1],[0.120292 0.879708]
[0 1],[0.12029204 0.87970793]
[1 0],[0.87982213 0.12017781]
[1 0],[0.87982196 0.12017799]
[1 0],[0.87982196 0.12017798]
[0 1],[0.12029205 0.87970793]
[0 1],[0.12029231 0.87970763]
[1 0],[0.87982213 0.12017784]
[0 1],[0.12029152 0.87970847]
[1 0],[0.8798219  0.12017809]
[1 0],[0.87982213 0.12017784]
[1 0],[0.87982213 0.12017784]
[0 1],[0.12029204 0.87970793]
[0 1],[0.12029213 0.87970793]
[0 1],[0.12029207 0.87970793]
[1 0],[0.87982213 0.12017786]
[0 1],[0.12029223 0.87970775]
[1 0],[0.87982213 0.12017782]
[0 1],[0.12029202 0.87970793]
[0 1],[0.12029213 0.8797078 ]
[0 1],[0.12029202 0.87970793]
[1 0],[0.87982213 0.12017784]
[0 1],[0.12029202 0.87970793]
[0 1],[0.1202924 0.8797076]
[0 1],[0.12029206 0.87970793]
[1 0],[0.87982213 0.12017781]
[1 0],[0.87982213 0.12017781]
[1 0],[0.87982213 0.12017784]
[0 1],[0.12029202 0.87970793]
[1 0],[0.87982213 0.12017789]
[0 1],[0.12029228 0.87970775]
[1 0],[0.8798218  0.12017818]
[1 0],[0.87982213 0.12017781]
[1 0],[0.8798221 0.1201779]
[0 1],[0.12029205 0.87970793]
[0 1],[0.12029199 0.879708  ]
[0 1],[0.12029202 0.87970793]
[1 0],[0.87982213 0.12017784]
[1 0],[0.87982213 0.12017789]
[1 0],[0.87982213 0.12017782]
[1 0],[0.87982213 0.12017781]
[1 0],[0.87982213 0.12017784]
[0 1],[0.12029202 0.87970793]
[0 1],[0.12029202 0.87970793]
[0 1],[0.1202924 0.8797076]
[1 0],[0.8798221 0.1201779]
[0 1],[0.12029205 0.87970793]
[0 1],[0.12029202 0.87970793]
[0 1],[0.12029202 0.87970793]
[0 1],[0.120292 0.879708]
[0 1],[0.12029202 0.87970793]
[1 0],[0.87982213 0.12017782]
[0 1],[0.12029207 0.87970793]
[0 1],[0.12029211 0.87970793]
[0 1],[0.12029202 0.87970793]
[1 0],[0.87982213 0.12017787]
[1 0],[0.8798221 0.1201779]
[0 1],[0.12029206 0.87970793]
[0 1],[0.12029206 0.87970793]
[0 1],[0.12029202 0.87970793]
[0 1],[0.12029194 0.879708  ]
[1 0],[0.87982213 0.12017784]
[0 1],[0.12029204 0.87970793]
[0 1],[0.12029204 0.87970793]
[1 0],[0.87982213 0.12017789]
[1 0],[0.87982213 0.12017789]
[1 0],[0.87982213 0.12017782]
