[1 0],[0.87995034 0.12004969]
[0 1],[0.12017494 0.8798251 ]
[0 1],[0.12017483 0.8798252 ]
[1 0],[0.8799505  0.12004951]
[1 0],[0.8799502  0.12004976]
[0 1],[0.12017488 0.8798251 ]
[0 1],[0.12017485 0.8798251 ]
[1 0],[0.87995034 0.12004968]
[0 1],[0.12017633 0.8798236 ]
[1 0],[0.8799502 0.1200497]
[0 1],[0.12050499 0.8794951 ]
[0 1],[0.12017662 0.8798233 ]
[1 0],[0.87995034 0.12004966]
[0 1],[0.12017448 0.8798255 ]
[1 0],[0.8799502  0.12004969]
[0 1],[0.12027857 0.8797214 ]
[1 0],[0.8799502  0.12004969]
[0 1],[0.12017476 0.8798252 ]
[1 0],[0.87995046 0.12004955]
[1 0],[0.87995034 0.12004966]
[0 1],[0.12017485 0.8798251 ]
[0 1],[0.12017483 0.8798252 ]
[1 0],[0.8799502  0.12004972]
[0 1],[0.12017491 0.8798251 ]
[0 1],[0.12017513 0.87982494]
[1 0],[0.87995034 0.12004963]
[0 1],[0.12017458 0.8798255 ]
[1 0],[0.87995046 0.12004958]
[0 1],[0.12017537 0.87982464]
[0 1],[0.12017484 0.8798252 ]
[0 1],[0.12017476 0.8798252 ]
[0 1],[0.12017552 0.87982446]
[1 0],[0.87994987 0.12005017]
[0 1],[0.12017496 0.879825  ]
[0 1],[0.12017521 0.87982476]
[1 0],[0.8799502 0.1200498]
[1 0],[0.87995034 0.12004968]
[1 0],[0.8799505  0.12004948]
[1 0],[0.8799472  0.12005275]
[1 0],[0.87995046 0.12004955]
[1 0],[0.87995034 0.12004963]
[0 1],[0.1201745 0.8798255]
[0 1],[0.12017457 0.87982535]
[1 0],[0.87995046 0.12004953]
[1 0],[0.87995034 0.12004968]
[1 0],[0.8799466  0.12005342]
[1 0],[0.87995034 0.12004966]
[0 1],[0.12020676 0.8797933 ]
[0 1],[0.12017506 0.87982494]
[0 1],[0.12017506 0.87982494]
[1 0],[0.87995046 0.12004954]
[1 0],[0.8799502  0.12004972]
[1 0],[0.8799502  0.12004969]
[1 0],[0.87995034 0.12004968]
[0 1],[0.12017477 0.8798253 ]
[1 0],[0.8799502  0.12004976]
[0 1],[0.12017487 0.8798251 ]
[0 1],[0.12017462 0.87982535]
[1 0],[0.87995005 0.12004988]
[0 1],[0.12017722 0.8798228 ]
[0 1],[0.12017477 0.8798252 ]
[1 0],[0.87995046 0.12004955]
[0 1],[0.12017488 0.8798251 ]
[1 0],[0.879947   0.12005295]
[0 1],[0.12017484 0.8798252 ]
[0 1],[0.12017462 0.87982535]
[1 0],[0.87995034 0.12004963]
[0 1],[0.12017484 0.8798252 ]
[1 0],[0.87995034 0.12004968]
[0 1],[0.12017485 0.8798251 ]
[1 0],[0.8799502 0.1200497]
[0 1],[0.12017503 0.87982494]
[1 0],[0.8799502  0.12004978]
[1 0],[0.8799502  0.12004972]
[0 1],[0.12017485 0.8798251 ]
[1 0],[0.8799473  0.12005275]
[0 1],[0.12017485 0.8798251 ]
[0 1],[0.12017456 0.8798255 ]
[1 0],[0.87995046 0.12004953]
[1 0],[0.8799502  0.12004969]
[0 1],[0.12017491 0.8798251 ]
[0 1],[0.12017491 0.8798251 ]
[1 0],[0.87995046 0.1200496 ]
[1 0],[0.87995034 0.12004968]
[1 0],[0.87995034 0.12004968]
[1 0],[0.87995017 0.12004986]
[1 0],[0.8799502  0.12004969]
[0 1],[0.12017569 0.8798243 ]
[0 1],[0.12017485 0.8798251 ]
[1 0],[0.87995046 0.12004958]
[0 1],[0.12017511 0.87982494]
[0 1],[0.12017541 0.8798246 ]
[1 0],[0.87995034 0.12004964]
[1 0],[0.87995046 0.12004962]
[0 1],[0.12017483 0.8798252 ]
[0 1],[0.12017644 0.87982357]
[0 1],[0.12017458 0.8798255 ]
[0 1],[0.12017529 0.87982476]
[1 0],[0.87995034 0.12004968]
[1 0],[0.8799396  0.12006038]
[1 0],[0.87995046 0.12004958]
[0 1],[0.12017552 0.87982446]
[1 0],[0.87995017 0.1200498 ]
[0 1],[0.12017526 0.87982476]
[1 0],[0.8799505  0.12004951]
[0 1],[0.12017456 0.8798255 ]
[1 0],[0.87995034 0.12004966]
[1 0],[0.87995046 0.12004957]
[1 0],[0.87995034 0.12004966]
[0 1],[0.12017596 0.879824  ]
[1 0],[0.87995046 0.12004958]
[1 0],[0.87995034 0.12004963]
[0 1],[0.12017777 0.87982225]
[0 1],[0.12017491 0.8798251 ]
[1 0],[0.87995034 0.12004967]
[0 1],[0.12017477 0.8798252 ]
[0 1],[0.1201746  0.87982535]
[0 1],[0.12017607 0.8798239 ]
[0 1],[0.12017521 0.8798248 ]
[1 0],[0.87995034 0.12004966]
[0 1],[0.12019127 0.8798088 ]
[0 1],[0.12017488 0.8798251 ]
[0 1],[0.12017541 0.8798246 ]
[1 0],[0.87995046 0.1200496 ]
[0 1],[0.12017485 0.8798251 ]
[0 1],[0.1201748 0.8798252]
[1 0],[0.8798491  0.12015089]
[0 1],[0.12017508 0.87982494]
[0 1],[0.12017474 0.8798253 ]
[0 1],[0.12017635 0.8798236 ]
[0 1],[0.12017991 0.8798201 ]
[1 0],[0.87995046 0.12004962]
[1 0],[0.87995034 0.12004968]
[0 1],[0.12017484 0.8798252 ]
[0 1],[0.12017503 0.87982494]
[0 1],[0.12017518 0.8798248 ]
[0 1],[0.12017541 0.8798246 ]
[0 1],[0.12017605 0.8798239 ]
[1 0],[0.87995034 0.12004967]
[0 1],[0.12017526 0.87982476]
[0 1],[0.12018047 0.8798196 ]
[0 1],[0.12017477 0.8798252 ]
[0 1],[0.12017567 0.87982434]
[0 1],[0.12017487 0.8798251 ]
[1 0],[0.8799502  0.12004974]
[0 1],[0.12017485 0.8798251 ]
[0 1],[0.12017466 0.8798253 ]
[1 0],[0.8799502  0.12004969]
[0 1],[0.12017498 0.879825  ]
[1 0],[0.87994945 0.12005059]
[0 1],[0.12017518 0.8798248 ]
[1 0],[0.87995034 0.12004967]
[1 0],[0.87995034 0.12004967]
[0 1],[0.12017488 0.8798251 ]
[0 1],[0.12017494 0.8798251 ]
[1 0],[0.87995046 0.1200496 ]
[0 1],[0.12017474 0.8798253 ]
[0 1],[0.1201748 0.8798252]
[0 1],[0.12017488 0.8798251 ]
[0 1],[0.12017554 0.87982446]
[0 1],[0.12017474 0.8798253 ]
[0 1],[0.12017504 0.87982494]
[1 0],[0.8799502  0.12004969]
[0 1],[0.12018213 0.8798179 ]
[1 0],[0.87995046 0.12004955]
[0 1],[0.12017479 0.8798252 ]
[1 0],[0.87995017 0.12004983]
[1 0],[0.87995046 0.12004955]
[1 0],[0.8799502  0.12004969]
[1 0],[0.87995046 0.12004957]
[0 1],[0.12017491 0.8798251 ]
[1 0],[0.87995046 0.12004953]
[0 1],[0.12017488 0.8798251 ]
[1 0],[0.8799502  0.12004977]
[1 0],[0.8799502  0.12004978]
[0 1],[0.12017513 0.8798248 ]
[0 1],[0.1201748 0.8798252]
[1 0],[0.87995046 0.12004957]
[1 0],[0.87995046 0.12004962]
[1 0],[0.8799505  0.12004944]
[1 0],[0.8799502  0.12004969]
[0 1],[0.12017485 0.8798251 ]
[0 1],[0.12017498 0.879825  ]
[1 0],[0.8799505  0.12004951]
[1 0],[0.87995    0.12004998]
[0 1],[0.1201748 0.8798252]
[1 0],[0.87995034 0.12004968]
[0 1],[0.12017559 0.87982434]
[0 1],[0.12017495 0.8798251 ]
[1 0],[0.8795716  0.12042845]
[1 0],[0.87995    0.12005004]
[0 1],[0.12017477 0.8798253 ]
[0 1],[0.12017497 0.879825  ]
[1 0],[0.87995046 0.12004953]
[0 1],[0.12019013 0.87980986]
[1 0],[0.8799502  0.12004977]
[0 1],[0.12017485 0.8798251 ]
[0 1],[0.12017541 0.8798246 ]
[0 1],[0.12017574 0.8798243 ]
[1 0],[0.87995034 0.12004967]
[1 0],[0.87995034 0.12004966]
[1 0],[0.87995005 0.12004995]
[1 0],[0.87994903 0.12005093]
[0 1],[0.12017643 0.87982357]
[1 0],[0.87995046 0.12004955]
[0 1],[0.1201748 0.8798252]
[1 0],[0.87995046 0.12004962]
[1 0],[0.87995005 0.12004998]
[0 1],[0.12017485 0.8798251 ]
[1 0],[0.87995034 0.12004968]
[1 0],[0.87995034 0.12004968]
[0 1],[0.12017537 0.87982464]
[1 0],[0.87995046 0.12004962]
[1 0],[0.8799486  0.12005144]
[0 1],[0.1201748 0.8798252]
[0 1],[0.12017491 0.8798251 ]
[1 0],[0.8799502 0.1200498]
[1 0],[0.87995005 0.12004995]
[0 1],[0.12017483 0.8798252 ]
[1 0],[0.87995034 0.12004963]
[0 1],[0.12017488 0.8798251 ]
[0 1],[0.1201748 0.8798252]
[1 0],[0.87995046 0.12004953]
[1 0],[0.8799502  0.12004969]
[1 0],[0.87995046 0.12004954]
[0 1],[0.12017648 0.87982357]
[1 0],[0.87995005 0.12004998]
[1 0],[0.87994987 0.12005007]
[1 0],[0.87995034 0.12004968]
[1 0],[0.8799505  0.12004948]
[0 1],[0.12017485 0.8798251 ]
[0 1],[0.12017565 0.87982434]
[1 0],[0.87995046 0.12004953]
[1 0],[0.8799505  0.12004951]
[0 1],[0.12017488 0.8798251 ]
[1 0],[0.87995034 0.12004969]
[0 1],[0.12017516 0.8798248 ]
[0 1],[0.12017494 0.8798251 ]
[1 0],[0.87995034 0.12004963]
[0 1],[0.12017762 0.8798223 ]
[0 1],[0.12017464 0.87982535]
[0 1],[0.12017501 0.879825  ]
[0 1],[0.12017547 0.8798246 ]
[1 0],[0.87995034 0.12004968]
[0 1],[0.12017687 0.8798231 ]
[0 1],[0.12017496 0.879825  ]
[0 1],[0.1201746  0.87982535]
[1 0],[0.8799502  0.12004969]
[0 1],[0.1201748 0.8798252]
[1 0],[0.87995046 0.12004962]
[1 0],[0.87994987 0.12005014]
[1 0],[0.87994474 0.1200553 ]
[1 0],[0.8799502  0.12004969]
[1 0],[0.8799502  0.12004969]
[1 0],[0.8799502  0.12004969]
[0 1],[0.12018456 0.8798154 ]
[1 0],[0.8799502  0.12004972]
[0 1],[0.12017455 0.8798255 ]
[0 1],[0.12017494 0.8798251 ]
[1 0],[0.87995034 0.12004963]
[0 1],[0.12017508 0.87982494]
[1 0],[0.8799502  0.12004969]
[1 0],[0.87995034 0.12004969]
[0 1],[0.12017512 0.87982494]
[1 0],[0.87995046 0.12004953]
[1 0],[0.8799502  0.12004969]
[0 1],[0.12017487 0.8798251 ]
[0 1],[0.12017503 0.879825  ]
[1 0],[0.8799502  0.12004969]
[0 1],[0.12017648 0.87982357]
[0 1],[0.12017444 0.8798256 ]
[0 1],[0.12017485 0.8798251 ]
[1 0],[0.87995034 0.12004968]
[0 1],[0.12017465 0.87982535]
[1 0],[0.87995034 0.12004963]
[1 0],[0.87995046 0.12004955]
[0 1],[0.12017457 0.87982535]
[0 1],[0.12017521 0.8798248 ]
[1 0],[0.87995046 0.12004958]
[0 1],[0.12018151 0.87981844]
[1 0],[0.8799502  0.12004972]
[0 1],[0.12017483 0.8798252 ]
[0 1],[0.12017483 0.8798252 ]
[0 1],[0.1201748 0.8798252]
[0 1],[0.12017477 0.8798253 ]
[0 1],[0.12017491 0.8798251 ]
[0 1],[0.12017494 0.8798251 ]
[1 0],[0.87995046 0.12004955]
[0 1],[0.12017491 0.8798251 ]
[0 1],[0.12017526 0.87982476]
[0 1],[0.12017762 0.8798223 ]
[0 1],[0.12017521 0.8798248 ]
[0 1],[0.12017468 0.8798253 ]
[0 1],[0.12017534 0.87982464]
[1 0],[0.8799502  0.12004972]
[1 0],[0.87994796 0.12005207]
[0 1],[0.12017516 0.8798248 ]
[1 0],[0.87995034 0.12004968]
[1 0],[0.87995046 0.12004962]
[1 0],[0.8799502  0.12004969]
[1 0],[0.87995034 0.12004968]
[1 0],[0.87995046 0.12004958]
[1 0],[0.87995034 0.12004969]
[0 1],[0.12017485 0.8798251 ]
[0 1],[0.12017485 0.8798251 ]
[1 0],[0.87995034 0.12004964]
[0 1],[0.12017475 0.8798253 ]
[0 1],[0.12017484 0.8798252 ]
[0 1],[0.12017488 0.8798251 ]
[1 0],[0.8799502  0.12004969]
[1 0],[0.87995017 0.12004981]
[1 0],[0.87995034 0.12004969]
[1 0],[0.87995034 0.12004963]
[1 0],[0.87995034 0.12004969]
[1 0],[0.87995046 0.12004962]
[0 1],[0.12017477 0.8798252 ]
[1 0],[0.87995034 0.12004966]
[1 0],[0.87995046 0.12004953]
[1 0],[0.87995034 0.12004968]
[0 1],[0.12017466 0.8798253 ]
[0 1],[0.12017487 0.8798251 ]
[1 0],[0.87994736 0.12005262]
[0 1],[0.12017517 0.8798248 ]
[0 1],[0.12017629 0.87982374]
[1 0],[0.8799502  0.12004976]
[1 0],[0.8799505  0.12004951]
[0 1],[0.12017488 0.8798251 ]
[1 0],[0.87995046 0.12004958]
[0 1],[0.12017477 0.8798252 ]
[0 1],[0.12017485 0.8798251 ]
[1 0],[0.8799495  0.12005051]
[0 1],[0.12017484 0.8798252 ]
[1 0],[0.87995034 0.12004968]
[1 0],[0.87995017 0.1200498 ]
[1 0],[0.87995064 0.12004943]
[1 0],[0.8797145  0.12028553]
[0 1],[0.12017485 0.8798251 ]
[1 0],[0.8799502  0.12004974]
[1 0],[0.87995034 0.12004968]
[1 0],[0.87995046 0.12004951]
[0 1],[0.12017487 0.8798251 ]
[1 0],[0.8799505  0.12004951]
[1 0],[0.8799497  0.12005031]
[1 0],[0.87995034 0.12004968]
[1 0],[0.87995005 0.12004998]
[0 1],[0.12017518 0.8798248 ]
[0 1],[0.12017425 0.8798258 ]
[1 0],[0.87995034 0.12004969]
[1 0],[0.87995034 0.12004964]
[1 0],[0.8799502  0.12004974]
[1 0],[0.8799502  0.12004969]
[1 0],[0.8799505  0.12004944]
[0 1],[0.12017475 0.8798253 ]
[1 0],[0.8799482  0.12005179]
[0 1],[0.12017488 0.8798251 ]
[0 1],[0.12017485 0.8798251 ]
[0 1],[0.12017496 0.879825  ]
[0 1],[0.12017507 0.87982494]
[1 0],[0.87995046 0.12004962]
[0 1],[0.12017497 0.879825  ]
[0 1],[0.12017488 0.8798251 ]
[1 0],[0.8799502  0.12004969]
[1 0],[0.87995017 0.12004986]
[0 1],[0.12017488 0.8798251 ]
[1 0],[0.87995034 0.12004963]
[1 0],[0.8799502  0.12004969]
[1 0],[0.8799502  0.12004969]
[0 1],[0.12017485 0.8798251 ]
[0 1],[0.12017588 0.8798241 ]
[0 1],[0.12017474 0.8798253 ]
[0 1],[0.12017484 0.8798252 ]
[1 0],[0.8799502  0.12004969]
[1 0],[0.8799502 0.1200497]
[0 1],[0.12017488 0.8798251 ]
[1 0],[0.87995005 0.12004989]
[0 1],[0.12017453 0.8798255 ]
[0 1],[0.12017491 0.8798251 ]
[1 0],[0.87994915 0.12005083]
[0 1],[0.12017491 0.8798251 ]
[1 0],[0.8799502  0.12004976]
[1 0],[0.87995034 0.12004969]
[0 1],[0.12017476 0.8798252 ]
[1 0],[0.87995046 0.12004953]
[1 0],[0.87995034 0.12004966]
[0 1],[0.12017487 0.8798251 ]
[1 0],[0.87995046 0.12004955]
[1 0],[0.87995034 0.12004963]
[0 1],[0.12017462 0.87982535]
[1 0],[0.87995034 0.12004966]
[0 1],[0.12017494 0.8798251 ]
[1 0],[0.87995005 0.12004993]
[1 0],[0.87995034 0.12004963]
[1 0],[0.87995046 0.12004954]
[1 0],[0.87995017 0.12004984]
[0 1],[0.12017449 0.8798255 ]
[1 0],[0.87995034 0.12004968]
[1 0],[0.8799502  0.12004976]
[1 0],[0.8799502  0.12004974]
[1 0],[0.87995034 0.12004967]
[1 0],[0.87995    0.12005007]
[1 0],[0.8799502  0.12004974]
[0 1],[0.12017483 0.8798252 ]
[0 1],[0.1201749 0.8798251]
[0 1],[0.12017629 0.87982374]
[0 1],[0.12017491 0.8798251 ]
[0 1],[0.12017488 0.8798251 ]
[1 0],[0.87995017 0.1200498 ]
[0 1],[0.12017464 0.87982535]
[0 1],[0.12017922 0.87982076]
[0 1],[0.1201748 0.8798252]
[1 0],[0.87995046 0.12004962]
[0 1],[0.12017545 0.8798246 ]
[1 0],[0.87995034 0.12004969]
[1 0],[0.8799502  0.12004978]
[1 0],[0.87995034 0.12004967]
[1 0],[0.87995005 0.12004998]
[0 1],[0.12017623 0.8798238 ]
[1 0],[0.8799502  0.12004978]
[1 0],[0.87995034 0.12004968]
[1 0],[0.87995034 0.12004964]
[0 1],[0.12017539 0.87982464]
[0 1],[0.12017488 0.8798251 ]
[1 0],[0.87994176 0.12005824]
[0 1],[0.12017484 0.8798252 ]
[1 0],[0.8799505  0.12004951]
[0 1],[0.12017498 0.879825  ]
[0 1],[0.12017491 0.8798251 ]
[0 1],[0.12017507 0.87982494]
[0 1],[0.12017501 0.879825  ]
[1 0],[0.8799502  0.12004972]
[1 0],[0.87989783 0.12010214]
[1 0],[0.87995034 0.12004969]
[0 1],[0.12017495 0.8798251 ]
[1 0],[0.8799505  0.12004948]
[1 0],[0.87995034 0.12004964]
[1 0],[0.87995034 0.12004968]
[1 0],[0.87995034 0.12004968]
[0 1],[0.12017814 0.8798219 ]
[0 1],[0.12017487 0.8798251 ]
[0 1],[0.12017487 0.8798251 ]
[0 1],[0.12017484 0.8798252 ]
[1 0],[0.87995046 0.12004955]
[0 1],[0.12017488 0.8798251 ]
[1 0],[0.87995034 0.12004963]
[1 0],[0.87995034 0.12004963]
[1 0],[0.87994945 0.12005056]
[0 1],[0.12017491 0.8798251 ]
[1 0],[0.87995034 0.12004968]
[1 0],[0.8799502  0.12004972]
[1 0],[0.87995034 0.12004969]
[1 0],[0.87995017 0.12004983]
[1 0],[0.8799502  0.12004969]
[1 0],[0.87995034 0.12004966]
[1 0],[0.87987006 0.12012997]
[0 1],[0.12017492 0.8798251 ]
[0 1],[0.12017477 0.8798253 ]
[1 0],[0.87994987 0.12005012]
[0 1],[0.12017485 0.8798251 ]
[0 1],[0.12017449 0.8798255 ]
[0 1],[0.12017503 0.879825  ]
[0 1],[0.12081134 0.87918866]
[0 1],[0.12017485 0.8798251 ]
[1 0],[0.87995046 0.1200496 ]
[0 1],[0.12017498 0.879825  ]
[1 0],[0.8799502  0.12004976]
[1 0],[0.87995046 0.12004962]
[0 1],[0.1201758  0.87982416]
[0 1],[0.12017484 0.8798252 ]
[0 1],[0.120175 0.879825]
[1 0],[0.87995046 0.12004958]
[1 0],[0.8799502  0.12004978]
[1 0],[0.87995046 0.12004954]
[0 1],[0.12017626 0.87982374]
[1 0],[0.87995    0.12005004]
[0 1],[0.12017612 0.8798239 ]
[0 1],[0.12017532 0.87982476]
[1 0],[0.8799502  0.12004969]
[0 1],[0.12017483 0.8798252 ]
[0 1],[0.12017484 0.8798252 ]
[1 0],[0.87995034 0.12004968]
[1 0],[0.87995034 0.12004968]
[0 1],[0.12017969 0.8798203 ]
[1 0],[0.879949   0.12005099]
[1 0],[0.8799502  0.12004969]
[0 1],[0.1201756  0.87982434]
[1 0],[0.87995034 0.12004966]
[1 0],[0.87995034 0.12004966]
[0 1],[0.12017513 0.8798248 ]
[0 1],[0.12017484 0.8798252 ]
[0 1],[0.12017488 0.8798251 ]
[1 0],[0.87995034 0.12004963]
[0 1],[0.1201748 0.8798252]
[0 1],[0.12017491 0.8798251 ]
[0 1],[0.12017512 0.87982494]
[0 1],[0.12017468 0.8798253 ]
[1 0],[0.87995034 0.12004967]
[0 1],[0.12017485 0.8798251 ]
[1 0],[0.87995034 0.12004968]
[1 0],[0.8799487  0.12005129]
[0 1],[0.12017485 0.8798251 ]
[1 0],[0.87995034 0.12004968]
[1 0],[0.87986803 0.12013201]
[1 0],[0.87995046 0.12004962]
[0 1],[0.12017568 0.87982434]
[1 0],[0.8799502  0.12004969]
[1 0],[0.87995034 0.12004966]
[0 1],[0.12017487 0.8798251 ]
[1 0],[0.87995005 0.12004993]
[1 0],[0.87995005 0.12004993]
[0 1],[0.12017455 0.8798255 ]
[1 0],[0.8799475  0.12005249]
[1 0],[0.87995005 0.12004988]
[0 1],[0.12017612 0.8798239 ]
[0 1],[0.12017451 0.8798255 ]
[1 0],[0.87995034 0.12004968]
[0 1],[0.12017485 0.8798251 ]
[1 0],[0.87995034 0.12004966]
[1 0],[0.87995034 0.12004966]
[1 0],[0.8799498  0.12005024]
[1 0],[0.87995017 0.1200498 ]
[1 0],[0.87995046 0.1200496 ]
[1 0],[0.87995034 0.12004966]
[0 1],[0.12017487 0.8798251 ]
[0 1],[0.12017488 0.8798251 ]
[0 1],[0.12017458 0.8798255 ]
[0 1],[0.12017565 0.87982434]
[1 0],[0.8799502  0.12004969]
[0 1],[0.12017476 0.8798252 ]
[1 0],[0.87995034 0.12004966]
[0 1],[0.12017485 0.8798251 ]
[0 1],[0.12017575 0.8798243 ]
[0 1],[0.12017488 0.8798251 ]
[1 0],[0.8799502  0.12004976]
[1 0],[0.8799509  0.12004907]
[0 1],[0.12017554 0.87982446]
[0 1],[0.1201748 0.8798252]
[0 1],[0.12017483 0.8798252 ]
[0 1],[0.12017518 0.8798248 ]
[0 1],[0.12017485 0.8798251 ]
[0 1],[0.12017506 0.87982494]
[0 1],[0.1201748 0.8798252]
[1 0],[0.8799502  0.12004969]
[1 0],[0.87994945 0.12005062]
[0 1],[0.12017496 0.879825  ]
[1 0],[0.8799505  0.12004944]
[0 1],[0.12017547 0.8798246 ]
[0 1],[0.12017485 0.8798251 ]
[0 1],[0.12017485 0.8798251 ]
[0 1],[0.12017488 0.8798251 ]
[0 1],[0.12017516 0.8798248 ]
[0 1],[0.12017474 0.8798253 ]
[0 1],[0.12017532 0.87982464]
[0 1],[0.12017516 0.8798248 ]
[1 0],[0.87995034 0.12004968]
[1 0],[0.8799502  0.12004969]
[1 0],[0.87995034 0.12004969]
[1 0],[0.8799502  0.12004969]
[0 1],[0.12017488 0.8798251 ]
